GAME_ID,EVENTNUM,EVENTMSGTYPE,EVENTMSGACTIONTYPE,PERIOD,WCTIMESTRING,PCTIMESTRING,HOMEDESCRIPTION,NEUTRALDESCRIPTION,VISITORDESCRIPTION,SCORE,SCOREMARGIN,PERSON1TYPE,PLAYER1_ID,PLAYER1_NAME,PLAYER1_TEAM_ID,PLAYER1_TEAM_CITY,PLAYER1_TEAM_NICKNAME,PLAYER1_TEAM_ABBREVIATION,PERSON2TYPE,PLAYER2_ID,PLAYER2_NAME,PLAYER2_TEAM_ID,PLAYER2_TEAM_CITY,PLAYER2_TEAM_NICKNAME,PLAYER2_TEAM_ABBREVIATION,PERSON3TYPE,PLAYER3_ID,PLAYER3_NAME,PLAYER3_TEAM_ID,PLAYER3_TEAM_CITY,PLAYER3_TEAM_NICKNAME,PLAYER3_TEAM_ABBREVIATION,VIDEO_AVAILABLE_FLAG
0022400477,2,12,0,1,10:41 PM,12:00,,Start of 1st Period (10:41 PM EST),,,,0,0,,,,,,0,0,,,,,,0,0,,,,,,0
0022400477,4,10,0,1,10:41 PM,12:00,Jump Ball Davis vs. Capela: Tip to L. James,,,,,4,203076,Anthony Davis,1610612747.0,Los Angeles,Lakers,LAL,5,203991,Clint Capela,1610612737.0,Atlanta,Hawks,ATL,4,2544,LeBron James,1610612747.0,Los Angeles,Lakers,LAL,1
0022400477,7,5,4,1,10:41 PM,11:46,Reaves Traveling Turnover (P1.T1),,,,,4,1630559,Austin Reaves,1610612747.0,Los Angeles,Lakers,LAL,0,0,,,,,,1,0,,,,,,1
0022400477,8,2,101,1,10:42 PM,11:32,,,MISS Young 11' Driving Floating Jump Shot,,,5,1629027,Trae Young,1610612737.0,Atlanta,Hawks,ATL,0,0,,,,,,0,0,,,,,,1
0022400477,9,4,0,1,10:42 PM,11:30,Davis REBOUND (Off:0 Def:1),,,,,4,203076,Anthony Davis,1610612747.0,Los Angeles,Lakers,LAL,0,0,,,,,,0,0,,,,,,1
0022400477,10,2,101,1,10:42 PM,11:19,MISS Davis 3' Driving Floating Jump Shot,,,,,4,203076,Anthony Davis,1610612747.0,Los Angeles,Lakers,LAL,0,0,,,,,,0,0,,,,,,1
0022400477,11,4,0,1,10:42 PM,11:18,Davis REBOUND (Off:1 Def:1),,,,,4,203076,Anthony Davis,1610612747.0,Los Angeles,Lakers,LAL,0,0,,,,,,0,0,,,,,,1
0022400477,12,1,107,1,10:42 PM,11:17,Davis Tip Dunk Shot (2 PTS),,,0 - 2,2,4,203076,Anthony Davis,1610612747.0,Los Angeles,Lakers,LAL,0,0,,,,,,0,0,,,,,,1
0022400477,13,5,1,1,10:42 PM,10:58,Davis STEAL (1 STL),,Young Bad Pass Turnover (P1.T1),,,5,1629027,Trae Young,1610612737.0,Atlanta,Hawks,ATL,4,203076,Anthony Davis,1610612747.0,Los Angeles,Lakers,LAL,0,0,,,,,,1
0022400477,15,1,41,1,10:42 PM,10:54,Reaves 1' Running Layup (2 PTS) (L. James 1 AST),,,0 - 4,4,4,1630559,Austin Reaves,1610612747.0,Los Angeles,Lakers,LAL,4,2544,LeBron James,1610612747.0,Los Angeles,Lakers,LAL,0,0,,,,,,1
0022400477,17,6,2,1,10:43 PM,10:41,Christie S.FOUL (P1.T1) (M.Smith),,,,,4,1631108,Max Christie,1610612747.0,Los Angeles,Lakers,LAL,5,1629027,Trae Young,1610612737.0,Atlanta,Hawks,ATL,1,0,,,,,,1
0022400477,19,3,11,1,10:43 PM,10:41,,,Young Free Throw 1 of 2 (1 PTS),1 - 4,3,5,1629027,Trae Young,1610612737.0,Atlanta,Hawks,ATL,0,0,,,,,,0,0,,,,,,1
0022400477,20,3,12,1,10:43 PM,10:41,,,Young Free Throw 2 of 2 (2 PTS),2 - 4,2,5,1629027,Trae Young,1610612737.0,Atlanta,Hawks,ATL,0,0,,,,,,0,0,,,,,,1
0022400477,21,6,1,1,10:44 PM,10:30,,,Daniels P.FOUL (P1.T1) (E.Malloy),,,5,1630700,Dyson Daniels,1610612737.0,Atlanta,Hawks,ATL,4,203076,Anthony Davis,1610612747.0,Los Angeles,Lakers,LAL,1,0,,,,,,1
0022400477,23,2,1,1,10:44 PM,10:21,MISS Hachimura 25' 3PT Jump Shot,,,,,4,1629060,Rui Hachimura,1610612747.0,Los Angeles,Lakers,LAL,0,0,,,,,,0,0,,,,,,1
0022400477,24,4,0,1,10:44 PM,10:18,,,Capela REBOUND (Off:0 Def:1),,,5,203991,Clint Capela,1610612737.0,Atlanta,Hawks,ATL,0,0,,,,,,0,0,,,,,,1
0022400477,25,1,41,1,10:44 PM,10:14,,,Risacher 7' Running Layup (2 PTS) (Young 1 AST),4 - 4,TIE,5,1642258,Zaccharie Risacher,1610612737.0,Atlanta,Hawks,ATL,5,1629027,Trae Young,1610612737.0,Atlanta,Hawks,ATL,0,0,,,,,,1
0022400477,27,5,1,1,10:44 PM,9:59,Reaves Bad Pass Turnover (P2.T2),,Daniels STEAL (1 STL),,,4,1630559,Austin Reaves,1610612747.0,Los Angeles,Lakers,LAL,5,1630700,Dyson Daniels,1610612737.0,Atlanta,Hawks,ATL,0,0,,,,,,1
0022400477,29,1,76,1,10:44 PM,9:56,,,Daniels 3' Running Finger Roll Layup (2 PTS),6 - 4,-2,5,1630700,Dyson Daniels,1610612737.0,Atlanta,Hawks,ATL,0,0,,,,,,0,0,,,,,,1
0022400477,30,1,108,1,10:45 PM,9:42,Hachimura 1' Cutting Dunk Shot (2 PTS) (L. James 2 AST),,,6 - 6,TIE,4,1629060,Rui Hachimura,1610612747.0,Los Angeles,Lakers,LAL,4,2544,LeBron James,1610612747.0,Los Angeles,Lakers,LAL,0,0,,,,,,1
0022400477,32,1,1,1,10:45 PM,9:27,,,Daniels 27' 3PT Jump Shot (5 PTS) (Young 2 AST),9 - 6,-3,5,1630700,Dyson Daniels,1610612737.0,Atlanta,Hawks,ATL,5,1629027,Trae Young,1610612737.0,Atlanta,Hawks,ATL,0,0,,,,,,1
0022400477,34,2,79,1,10:45 PM,9:17,MISS Reaves 14' Pullup Jump Shot,,,,,4,1630559,Austin Reaves,1610612747.0,Los Angeles,Lakers,LAL,0,0,,,,,,0,0,,,,,,1
0022400477,35,4,0,1,10:45 PM,9:13,,,Capela REBOUND (Off:0 Def:2),,,5,203991,Clint Capela,1610612737.0,Atlanta,Hawks,ATL,0,0,,,,,,0,0,,,,,,1
0022400477,36,1,79,1,10:45 PM,9:05,,,Johnson 16' Pullup Jump Shot (2 PTS) (Young 3 AST),11 - 6,-5,5,1630552,Jalen Johnson,1610612737.0,Atlanta,Hawks,ATL,5,1629027,Trae Young,1610612737.0,Atlanta,Hawks,ATL,0,0,,,,,,1
0022400477,38,6,2,1,10:46 PM,8:49,,,Capela S.FOUL (P1.T2) (T.Maddox),,,5,203991,Clint Capela,1610612737.0,Atlanta,Hawks,ATL,4,203076,Anthony Davis,1610612747.0,Los Angeles,Lakers,LAL,1,0,,,,,,1
0022400477,40,3,11,1,10:46 PM,8:49,Davis Free Throw 1 of 2 (3 PTS),,,11 - 7,-4,4,203076,Anthony Davis,1610612747.0,Los Angeles,Lakers,LAL,0,0,,,,,,0,0,,,,,,1
0022400477,41,3,12,1,10:46 PM,8:49,Davis Free Throw 2 of 2 (4 PTS),,,11 - 8,-3,4,203076,Anthony Davis,1610612747.0,Los Angeles,Lakers,LAL,0,0,,,,,,0,0,,,,,,1
0022400477,42,2,6,1,10:47 PM,8:33,,,MISS Young 2' Driving Layup,,,5,1629027,Trae Young,1610612737.0,Atlanta,Hawks,ATL,0,0,,,,,,0,0,,,,,,1
0022400477,43,4,0,1,10:47 PM,8:32,Christie REBOUND (Off:0 Def:1),,,,,4,1631108,Max Christie,1610612747.0,Los Angeles,Lakers,LAL,0,0,,,,,,0,0,,,,,,1
0022400477,44,1,41,1,10:47 PM,8:28,L. James 3' Running Layup (2 PTS),,,11 - 10,-1,4,2544,LeBron James,1610612747.0,Los Angeles,Lakers,LAL,0,0,,,,,,0,0,,,,,,1
0022400477,45,2,3,1,10:47 PM,8:16,,,MISS Capela 7' Hook Shot,,,5,203991,Clint Capela,1610612737.0,Atlanta,Hawks,ATL,0,0,,,,,,0,0,,,,,,1
0022400477,46,4,0,1,10:47 PM,8:13,Hachimura REBOUND (Off:0 Def:1),,,,,4,1629060,Rui Hachimura,1610612747.0,Los Angeles,Lakers,LAL,0,0,,,,,,0,0,,,,,,1
0022400477,47,1,7,1,10:47 PM,7:55,Hachimura 1' Dunk (4 PTS) (Davis 1 AST),,,11 - 12,1,4,1629060,Rui Hachimura,1610612747.0,Los Angeles,Lakers,LAL,4,203076,Anthony Davis,1610612747.0,Los Angeles,Lakers,LAL,0,0,,,,,,1
0022400477,49,1,79,1,10:48 PM,7:40,,,Johnson 16' Pullup Jump Shot (4 PTS),13 - 12,-1,5,1630552,Jalen Johnson,1610612737.0,Atlanta,Hawks,ATL,0,0,,,,,,0,0,,,,,,1
0022400477,50,1,7,1,10:48 PM,7:31,Davis 1' Dunk (6 PTS) (L. James 3 AST),,,13 - 14,1,4,203076,Anthony Davis,1610612747.0,Los Angeles,Lakers,LAL,4,2544,LeBron James,1610612747.0,Los Angeles,Lakers,LAL,0,0,,,,,,1
0022400477,52,2,43,1,10:48 PM,7:18,,,MISS Capela 4' Alley Oop Layup,,,5,203991,Clint Capela,1610612737.0,Atlanta,Hawks,ATL,0,0,,,,,,0,0,,,,,,1
0022400477,53,4,0,1,10:48 PM,7:14,Davis REBOUND (Off:1 Def:2),,,,,4,203076,Anthony Davis,1610612747.0,Los Angeles,Lakers,LAL,0,0,,,,,,0,0,,,,,,1
0022400477,54,2,41,1,10:48 PM,7:12,MISS L. James 2' Running Layup,,,,,4,2544,LeBron James,1610612747.0,Los Angeles,Lakers,LAL,0,0,,,,,,0,0,,,,,,1
0022400477,55,4,0,1,10:48 PM,7:10,,,Risacher REBOUND (Off:0 Def:1),,,5,1642258,Zaccharie Risacher,1610612737.0,Atlanta,Hawks,ATL,0,0,,,,,,0,0,,,,,,1
0022400477,56,2,103,1,10:48 PM,7:06,,,MISS Young 14' Running Pull-Up Jump Shot,,,5,1629027,Trae Young,1610612737.0,Atlanta,Hawks,ATL,0,0,,,,,,0,0,,,,,,1
0022400477,57,4,0,1,10:48 PM,7:03,Hachimura REBOUND (Off:0 Def:2),,,,,4,1629060,Rui Hachimura,1610612747.0,Los Angeles,Lakers,LAL,0,0,,,,,,0,0,,,,,,1
0022400477,58,1,44,1,10:48 PM,6:57,L. James 1' Reverse Layup (4 PTS) (Reaves 1 AST),,,13 - 16,3,4,2544,LeBron James,1610612747.0,Los Angeles,Lakers,LAL,4,1630559,Austin Reaves,1610612747.0,Los Angeles,Lakers,LAL,0,0,,,,,,1
0022400477,60,2,1,1,10:49 PM,6:36,,,MISS Johnson 27' 3PT Jump Shot,,,5,1630552,Jalen Johnson,1610612737.0,Atlanta,Hawks,ATL,0,0,,,,,,0,0,,,,,,1
0022400477,61,4,0,1,10:49 PM,6:32,Hachimura REBOUND (Off:0 Def:3),,,,,4,1629060,Rui Hachimura,1610612747.0,Los Angeles,Lakers,LAL,0,0,,,,,,0,0,,,,,,1
0022400477,62,7,5,1,10:49 PM,6:26,,,Young Violation:Kicked Ball (T.Maddox),,,5,1629027,Trae Young,1610612737.0,Atlanta,Hawks,ATL,0,0,,,,,,1,0,,,,,,0
0022400477,63,9,1,1,10:49 PM,6:26,LAKERS Timeout: Regular (Full 1 Short 0),,,,,2,1610612747,,,,,,0,0,,,,,,0,0,,,,,,0
0022400477,64,8,0,1,10:51 PM,6:26,SUB: Finney-Smith FOR L. James,,,,,4,2544,LeBron James,1610612747.0,Los Angeles,Lakers,LAL,4,1627827,Dorian Finney-Smith,1610612747.0,Los Angeles,Lakers,LAL,0,0,,,,,,0
0022400477,65,8,0,1,10:51 PM,6:26,,,SUB: Hunter FOR Johnson,,,5,1630552,Jalen Johnson,1610612737.0,Atlanta,Hawks,ATL,5,1629631,De'Andre Hunter,1610612737.0,Atlanta,Hawks,ATL,0,0,,,,,,0
0022400477,66,8,0,1,10:51 PM,6:26,,,SUB: Bogdanovic FOR Capela,,,5,203991,Clint Capela,1610612737.0,Atlanta,Hawks,ATL,5,203992,Bogdan Bogdanović,1610612737.0,Atlanta,Hawks,ATL,0,0,,,,,,0
0022400477,67,8,0,1,10:51 PM,6:26,,,SUB: Okongwu FOR Young,,,5,1629027,Trae Young,1610612737.0,Atlanta,Hawks,ATL,5,1630168,Onyeka Okongwu,1610612737.0,Atlanta,Hawks,ATL,0,0,,,,,,0
0022400477,72,5,1,1,10:52 PM,6:24,Hachimura Bad Pass Turnover (P1.T3),,Bogdanovic STEAL (1 STL),,,4,1629060,Rui Hachimura,1610612747.0,Los Angeles,Lakers,LAL,5,203992,Bogdan Bogdanović,1610612737.0,Atlanta,Hawks,ATL,0,0,,,,,,1
0022400477,74,2,78,1,10:52 PM,6:13,,,MISS Daniels 12' Floating Jump Shot,,,5,1630700,Dyson Daniels,1610612737.0,Atlanta,Hawks,ATL,0,0,,,,,,0,0,,,,,,1
0022400477,75,4,0,1,10:52 PM,6:10,Davis REBOUND (Off:1 Def:3),,,,,4,203076,Anthony Davis,1610612747.0,Los Angeles,Lakers,LAL,0,0,,,,,,0,0,,,,,,1
0022400477,76,2,3,1,10:53 PM,5:53,MISS Davis 8' Hook Shot,,,,,4,203076,Anthony Davis,1610612747.0,Los Angeles,Lakers,LAL,0,0,,,,,,0,0,,,,,,1
0022400477,77,4,0,1,10:53 PM,5:51,Hachimura REBOUND (Off:1 Def:3),,,,,4,1629060,Rui Hachimura,1610612747.0,Los Angeles,Lakers,LAL,0,0,,,,,,0,0,,,,,,1
0022400477,78,2,97,1,10:53 PM,5:51,MISS Hachimura Tip Layup Shot,,,,,4,1629060,Rui Hachimura,1610612747.0,Los Angeles,Lakers,LAL,0,0,,,,,,0,0,,,,,,1
0022400477,79,4,0,1,10:53 PM,5:51,Hachimura REBOUND (Off:2 Def:3),,,,,4,1629060,Rui Hachimura,1610612747.0,Los Angeles,Lakers,LAL,0,0,,,,,,0,0,,,,,,1
0022400477,80,1,72,1,10:53 PM,5:51,Hachimura 2' Putback Layup (6 PTS),,,13 - 18,5,4,1629060,Rui Hachimura,1610612747.0,Los Angeles,Lakers,LAL,0,0,,,,,,0,0,,,,,,1
0022400477,81,6,2,1,10:53 PM,5:51,,,Risacher S.FOUL (P1.T3) (E.Malloy),,,5,1642258,Zaccharie Risacher,1610612737.0,Atlanta,Hawks,ATL,4,1629060,Rui Hachimura,1610612747.0,Los Angeles,Lakers,LAL,1,0,,,,,,1
0022400477,83,3,10,1,10:53 PM,5:51,MISS Hachimura Free Throw 1 of 1,,,,,4,1629060,Rui Hachimura,1610612747.0,Los Angeles,Lakers,LAL,0,0,,,,,,0,0,,,,,,1
0022400477,84,4,0,1,10:53 PM,5:45,Finney-Smith REBOUND (Off:1 Def:0),,,,,4,1627827,Dorian Finney-Smith,1610612747.0,Los Angeles,Lakers,LAL,0,0,,,,,,0,0,,,,,,1
0022400477,85,2,1,1,10:53 PM,5:37,MISS Reaves 25' 3PT Jump Shot,,,,,4,1630559,Austin Reaves,1610612747.0,Los Angeles,Lakers,LAL,0,0,,,,,,0,0,,,,,,1
0022400477,86,4,0,1,10:53 PM,5:34,,,Okongwu REBOUND (Off:0 Def:1),,,5,1630168,Onyeka Okongwu,1610612737.0,Atlanta,Hawks,ATL,0,0,,,,,,0,0,,,,,,1
0022400477,87,2,1,1,10:54 PM,5:22,,,MISS Daniels 28' 3PT Jump Shot,,,5,1630700,Dyson Daniels,1610612737.0,Atlanta,Hawks,ATL,0,0,,,,,,0,0,,,,,,1
0022400477,88,4,0,1,10:54 PM,5:22,LAKERS Rebound,,,,,2,1610612747,,,,,,0,0,,,,,,0,0,,,,,,0
0022400477,89,6,3,1,10:54 PM,5:22,,,Bogdanovic L.B.FOUL (P1.T4) (M.Smith),,,5,203992,Bogdan Bogdanović,1610612737.0,Atlanta,Hawks,ATL,4,1627827,Dorian Finney-Smith,1610612747.0,Los Angeles,Lakers,LAL,1,0,,,,,,1
0022400477,91,6,1,1,10:54 PM,5:07,,,Hunter P.FOUL (P1.PN) (M.Smith),,,5,1629631,De'Andre Hunter,1610612737.0,Atlanta,Hawks,ATL,4,203076,Anthony Davis,1610612747.0,Los Angeles,Lakers,LAL,1,0,,,,,,1
0022400477,93,3,11,1,10:55 PM,5:07,Davis Free Throw 1 of 2 (7 PTS),,,13 - 19,6,4,203076,Anthony Davis,1610612747.0,Los Angeles,Lakers,LAL,0,0,,,,,,0,0,,,,,,1
0022400477,94,8,0,1,10:55 PM,5:07,SUB: Reddish FOR Christie,,,,,4,1631108,Max Christie,1610612747.0,Los Angeles,Lakers,LAL,4,1629629,Cam Reddish,1610612747.0,Los Angeles,Lakers,LAL,0,0,,,,,,0
0022400477,95,8,0,1,10:55 PM,5:07,SUB: Milton FOR Hachimura,,,,,4,1629060,Rui Hachimura,1610612747.0,Los Angeles,Lakers,LAL,4,1629003,Shake Milton,1610612747.0,Los Angeles,Lakers,LAL,0,0,,,,,,0
0022400477,98,3,12,1,10:55 PM,5:07,Davis Free Throw 2 of 2 (8 PTS),,,13 - 20,7,4,203076,Anthony Davis,1610612747.0,Los Angeles,Lakers,LAL,0,0,,,,,,0,0,,,,,,1
0022400477,99,6,1,1,10:55 PM,4:59,Finney-Smith P.FOUL (P1.T2) (M.Smith),,,,,4,1627827,Dorian Finney-Smith,1610612747.0,Los Angeles,Lakers,LAL,5,1629631,De'Andre Hunter,1610612737.0,Atlanta,Hawks,ATL,1,0,,,,,,1
0022400477,101,2,6,1,10:56 PM,4:55,Davis BLOCK (1 BLK),,MISS Hunter 3' Driving Layup,,,5,1629631,De'Andre Hunter,1610612737.0,Atlanta,Hawks,ATL,0,0,,,,,,4,203076,Anthony Davis,1610612747.0,Los Angeles,Lakers,LAL,1
0022400477,103,4,0,1,10:56 PM,4:51,,,Hunter REBOUND (Off:1 Def:0),,,5,1629631,De'Andre Hunter,1610612737.0,Atlanta,Hawks,ATL,0,0,,,,,,0,0,,,,,,1
0022400477,104,2,102,1,10:56 PM,4:48,,,MISS Daniels 10' Driving Floating Bank Jump Shot,,,5,1630700,Dyson Daniels,1610612737.0,Atlanta,Hawks,ATL,0,0,,,,,,0,0,,,,,,1
0022400477,105,4,0,1,10:56 PM,4:43,,,Okongwu REBOUND (Off:1 Def:1),,,5,1630168,Onyeka Okongwu,1610612737.0,Atlanta,Hawks,ATL,0,0,,,,,,0,0,,,,,,1
0022400477,106,2,98,1,10:56 PM,4:39,,,MISS Okongwu 2' Cutting Layup Shot,,,5,1630168,Onyeka Okongwu,1610612737.0,Atlanta,Hawks,ATL,0,0,,,,,,0,0,,,,,,1
0022400477,107,4,0,1,10:56 PM,4:36,Davis REBOUND (Off:1 Def:4),,,,,4,203076,Anthony Davis,1610612747.0,Los Angeles,Lakers,LAL,0,0,,,,,,0,0,,,,,,1
0022400477,109,9,1,1,10:56 PM,4:31,LAKERS Timeout: Regular (Full 2 Short 0),,,,,2,1610612747,,,,,,0,0,,,,,,0,0,,,,,,0
0022400477,110,18,5,1,10:56 PM,4:31,,Instant Replay1st Period (10:56 PM EST),,13 - 20,7,0,108,,,,,,0,0,,,,,,1,0,,,,,,1
0022400477,112,8,0,1,10:59 PM,4:31,,,SUB: Johnson FOR Daniels,,,5,1630700,Dyson Daniels,1610612737.0,Atlanta,Hawks,ATL,5,1630552,Jalen Johnson,1610612737.0,Atlanta,Hawks,ATL,0,0,,,,,,0
0022400477,113,8,0,1,10:59 PM,4:31,,,SUB: Young FOR Risacher,,,5,1642258,Zaccharie Risacher,1610612737.0,Atlanta,Hawks,ATL,5,1629027,Trae Young,1610612737.0,Atlanta,Hawks,ATL,0,0,,,,,,0
0022400477,116,2,1,1,10:59 PM,4:27,MISS Davis 12' Jump Shot,,,,,4,203076,Anthony Davis,1610612747.0,Los Angeles,Lakers,LAL,0,0,,,,,,0,0,,,,,,1
0022400477,117,4,0,1,11:00 PM,4:27,LAKERS Rebound,,,,,2,1610612747,,,,,,0,0,,,,,,0,0,,,,,,0
0022400477,119,2,47,1,11:00 PM,4:19,MISS Davis 12' Turnaround Jump Shot,,Okongwu BLOCK (1 BLK),,,4,203076,Anthony Davis,1610612747.0,Los Angeles,Lakers,LAL,0,0,,,,,,5,1630168,Onyeka Okongwu,1610612737.0,Atlanta,Hawks,ATL,1
0022400477,121,4,0,1,11:00 PM,4:16,Davis REBOUND (Off:2 Def:4),,,,,4,203076,Anthony Davis,1610612747.0,Los Angeles,Lakers,LAL,0,0,,,,,,0,0,,,,,,1
0022400477,122,2,63,1,11:00 PM,4:12,MISS Davis 8' Fadeaway Jumper,,,,,4,203076,Anthony Davis,1610612747.0,Los Angeles,Lakers,LAL,0,0,,,,,,0,0,,,,,,1
0022400477,123,4,0,1,11:00 PM,4:10,,,Okongwu REBOUND (Off:1 Def:2),,,5,1630168,Onyeka Okongwu,1610612737.0,Atlanta,Hawks,ATL,0,0,,,,,,0,0,,,,,,1
0022400477,124,1,43,1,11:00 PM,4:01,,,Okongwu 2' Alley Oop Layup (2 PTS) (Bogdanovic 1 AST),15 - 20,5,5,1630168,Onyeka Okongwu,1610612737.0,Atlanta,Hawks,ATL,5,203992,Bogdan Bogdanović,1610612737.0,Atlanta,Hawks,ATL,0,0,,,,,,1
0022400477,126,2,1,1,11:00 PM,3:39,MISS Milton 25' 3PT Jump Shot,,,,,4,1629003,Shake Milton,1610612747.0,Los Angeles,Lakers,LAL,0,0,,,,,,0,0,,,,,,1
0022400477,127,4,0,1,11:01 PM,3:36,,,Johnson REBOUND (Off:0 Def:1),,,5,1630552,Jalen Johnson,1610612737.0,Atlanta,Hawks,ATL,0,0,,,,,,0,0,,,,,,1
0022400477,140,2,86,1,11:01 PM,3:30,,,MISS Hunter 15' Turnaround Fadeaway Shot,,,5,1629631,De'Andre Hunter,1610612737.0,Atlanta,Hawks,ATL,0,0,,,,,,0,0,,,,,,1
0022400477,141,4,0,1,11:01 PM,3:27,Davis REBOUND (Off:2 Def:5),,,,,4,203076,Anthony Davis,1610612747.0,Los Angeles,Lakers,LAL,0,0,,,,,,0,0,,,,,,1
0022400477,152,1,79,1,11:01 PM,3:21,Reaves 17' Pullup Jump Shot (4 PTS),,,15 - 22,7,4,1630559,Austin Reaves,1610612747.0,Los Angeles,Lakers,LAL,0,0,,,,,,0,0,,,,,,1
0022400477,153,1,1,1,11:01 PM,3:14,,,Bogdanovic 26' 3PT Jump Shot (3 PTS) (Young 4 AST),18 - 22,4,5,203992,Bogdan Bogdanović,1610612737.0,Atlanta,Hawks,ATL,5,1629027,Trae Young,1610612737.0,Atlanta,Hawks,ATL,0,0,,,,,,1
0022400477,129,1,1,1,11:01 PM,3:06,Reddish 27' 3PT Jump Shot (3 PTS) (Milton 1 AST),,,18 - 25,7,4,1629629,Cam Reddish,1610612747.0,Los Angeles,Lakers,LAL,4,1629003,Shake Milton,1610612747.0,Los Angeles,Lakers,LAL,0,0,,,,,,1
0022400477,130,1,108,1,11:01 PM,2:57,,,Okongwu 2' Cutting Dunk Shot (4 PTS) (Young 5 AST),20 - 25,5,5,1630168,Onyeka Okongwu,1610612737.0,Atlanta,Hawks,ATL,5,1629027,Trae Young,1610612737.0,Atlanta,Hawks,ATL,0,0,,,,,,1
0022400477,132,6,1,1,11:01 PM,2:41,,,Okongwu P.FOUL (P1.PN) (M.Smith),,,5,1630168,Onyeka Okongwu,1610612737.0,Atlanta,Hawks,ATL,4,1629003,Shake Milton,1610612747.0,Los Angeles,Lakers,LAL,1,0,,,,,,1
0022400477,134,3,11,1,11:02 PM,2:41,Milton Free Throw 1 of 2 (1 PTS),,,20 - 26,6,4,1629003,Shake Milton,1610612747.0,Los Angeles,Lakers,LAL,0,0,,,,,,0,0,,,,,,1
0022400477,135,8,0,1,11:02 PM,2:41,SUB: L. James FOR Reaves,,,,,4,1630559,Austin Reaves,1610612747.0,Los Angeles,Lakers,LAL,4,2544,LeBron James,1610612747.0,Los Angeles,Lakers,LAL,0,0,,,,,,0
0022400477,137,3,12,1,11:02 PM,2:41,Milton Free Throw 2 of 2 (2 PTS),,,20 - 27,7,4,1629003,Shake Milton,1610612747.0,Los Angeles,Lakers,LAL,0,0,,,,,,0,0,,,,,,1
0022400477,138,2,1,1,11:02 PM,2:31,,,MISS Bogdanovic 28' 3PT Jump Shot,,,5,203992,Bogdan Bogdanović,1610612737.0,Atlanta,Hawks,ATL,0,0,,,,,,0,0,,,,,,1
0022400477,139,4,0,1,11:03 PM,2:30,,,Hawks Rebound,,,3,1610612737,,,,,,0,0,,,,,,0,0,,,,,,0
0022400477,142,6,3,1,11:03 PM,2:30,L. James L.B.FOUL (P1.T3) (M.Smith),,,,,4,2544,LeBron James,1610612747.0,Los Angeles,Lakers,LAL,5,1630168,Onyeka Okongwu,1610612737.0,Atlanta,Hawks,ATL,1,0,,,,,,1
0022400477,144,2,6,1,11:03 PM,2:25,,,MISS Young 4' Driving Layup,,,5,1629027,Trae Young,1610612737.0,Atlanta,Hawks,ATL,0,0,,,,,,0,0,,,,,,1
0022400477,145,4,0,1,11:03 PM,2:23,,,Okongwu REBOUND (Off:2 Def:2),,,5,1630168,Onyeka Okongwu,1610612737.0,Atlanta,Hawks,ATL,0,0,,,,,,0,0,,,,,,1
0022400477,150,1,97,1,11:03 PM,2:23,,,Okongwu Tip Layup Shot (6 PTS),22 - 27,5,5,1630168,Onyeka Okongwu,1610612737.0,Atlanta,Hawks,ATL,0,0,,,,,,0,0,,,,,,1
0022400477,151,9,1,1,11:04 PM,2:23,LAKERS Timeout: Regular (Full 3 Short 0),,,,,2,1610612747,,,,,,0,0,,,,,,0,0,,,,,,0
0022400477,156,1,7,1,11:05 PM,2:08,Davis 1' Dunk (10 PTS) (L. James 4 AST),,,22 - 29,7,4,203076,Anthony Davis,1610612747.0,Los Angeles,Lakers,LAL,4,2544,LeBron James,1610612747.0,Los Angeles,Lakers,LAL,0,0,,,,,,1
0022400477,158,1,79,1,11:05 PM,2:01,,,Young 27' 3PT Pullup Jump Shot (5 PTS),25 - 29,4,5,1629027,Trae Young,1610612737.0,Atlanta,Hawks,ATL,0,0,,,,,,0,0,,,,,,1
0022400477,159,5,2,1,11:05 PM,1:41,L. James Lost Ball Turnover (P1.T4),,Bogdanovic STEAL (2 STL),,,4,2544,LeBron James,1610612747.0,Los Angeles,Lakers,LAL,5,203992,Bogdan Bogdanović,1610612737.0,Atlanta,Hawks,ATL,0,0,,,,,,1
0022400477,161,7,5,1,11:05 PM,1:40,L. James Violation:Kicked Ball (T.Maddox),,,,,4,2544,LeBron James,1610612747.0,Los Angeles,Lakers,LAL,0,0,,,,,,1,0,,,,,,0
0022400477,162,8,0,1,11:05 PM,1:40,SUB: Hayes FOR Davis,,,,,4,203076,Anthony Davis,1610612747.0,Los Angeles,Lakers,LAL,4,1629637,Jaxson Hayes,1610612747.0,Los Angeles,Lakers,LAL,0,0,,,,,,0
0022400477,164,2,1,1,11:06 PM,1:27,,,MISS Hunter 25' 3PT Jump Shot,,,5,1629631,De'Andre Hunter,1610612737.0,Atlanta,Hawks,ATL,0,0,,,,,,0,0,,,,,,1
0022400477,165,4,0,1,11:06 PM,1:23,Hayes REBOUND (Off:0 Def:1),,,,,4,1629637,Jaxson Hayes,1610612747.0,Los Angeles,Lakers,LAL,0,0,,,,,,0,0,,,,,,1
0022400477,166,2,6,1,11:06 PM,1:17,MISS Milton 3' Driving Layup,,,,,4,1629003,Shake Milton,1610612747.0,Los Angeles,Lakers,LAL,0,0,,,,,,0,0,,,,,,1
0022400477,167,4,0,1,11:06 PM,1:14,,,Johnson REBOUND (Off:0 Def:2),,,5,1630552,Jalen Johnson,1610612737.0,Atlanta,Hawks,ATL,0,0,,,,,,0,0,,,,,,1
0022400477,168,2,5,1,11:06 PM,1:07,Milton BLOCK (1 BLK),,MISS Okongwu 4' Layup,,,5,1630168,Onyeka Okongwu,1610612737.0,Atlanta,Hawks,ATL,0,0,,,,,,4,1629003,Shake Milton,1610612747.0,Los Angeles,Lakers,LAL,1
0022400477,170,4,0,1,11:06 PM,1:04,,,Okongwu REBOUND (Off:3 Def:2),,,5,1630168,Onyeka Okongwu,1610612737.0,Atlanta,Hawks,ATL,0,0,,,,,,0,0,,,,,,1
0022400477,171,2,1,1,11:06 PM,1:01,,,MISS Okongwu 24' 3PT Jump Shot,,,5,1630168,Onyeka Okongwu,1610612737.0,Atlanta,Hawks,ATL,0,0,,,,,,0,0,,,,,,1
0022400477,172,4,0,1,11:06 PM,0:58,Milton REBOUND (Off:0 Def:1),,,,,4,1629003,Shake Milton,1610612747.0,Los Angeles,Lakers,LAL,0,0,,,,,,0,0,,,,,,1
0022400477,173,1,41,1,11:07 PM,0:55,L. James 1' Running Layup (6 PTS) (Milton 2 AST),,,25 - 31,6,4,2544,LeBron James,1610612747.0,Los Angeles,Lakers,LAL,4,1629003,Shake Milton,1610612747.0,Los Angeles,Lakers,LAL,0,0,,,,,,1
0022400477,175,5,40,1,11:07 PM,0:47,,,Hunter Out of Bounds Lost Ball Turnover (P1.T2),,,5,1629631,De'Andre Hunter,1610612737.0,Atlanta,Hawks,ATL,0,0,,,,,,1,0,,,,,,1
0022400477,176,2,1,1,11:07 PM,0:24,MISS Milton 3PT Jump Shot,,,,,4,1629003,Shake Milton,1610612747.0,Los Angeles,Lakers,LAL,0,0,,,,,,0,0,,,,,,1
0022400477,177,4,0,1,11:07 PM,0:22,,,Hunter REBOUND (Off:1 Def:1),,,5,1629631,De'Andre Hunter,1610612737.0,Atlanta,Hawks,ATL,0,0,,,,,,0,0,,,,,,1
0022400477,178,1,41,1,11:07 PM,0:18,,,Johnson 2' Running Layup (6 PTS),27 - 31,4,5,1630552,Jalen Johnson,1610612737.0,Atlanta,Hawks,ATL,0,0,,,,,,0,0,,,,,,1
0022400477,179,6,2,1,11:07 PM,0:18,Reddish S.FOUL (P1.T4) (T.Maddox),,,,,4,1629629,Cam Reddish,1610612747.0,Los Angeles,Lakers,LAL,5,1630552,Jalen Johnson,1610612737.0,Atlanta,Hawks,ATL,1,0,,,,,,1
0022400477,181,3,10,1,11:08 PM,0:18,,,Johnson Free Throw 1 of 1 (7 PTS),28 - 31,3,5,1630552,Jalen Johnson,1610612737.0,Atlanta,Hawks,ATL,0,0,,,,,,0,0,,,,,,1
0022400477,182,2,1,1,11:08 PM,0:04,MISS L. James 26' 3PT Jump Shot,,,,,4,2544,LeBron James,1610612747.0,Los Angeles,Lakers,LAL,0,0,,,,,,0,0,,,,,,1
0022400477,183,4,0,1,11:08 PM,0:01,,,Bogdanovic REBOUND (Off:0 Def:1),,,5,203992,Bogdan Bogdanović,1610612737.0,Atlanta,Hawks,ATL,0,0,,,,,,0,0,,,,,,1
0022400477,184,13,0,1,11:08 PM,0:00,,End of 1st Period (11:08 PM EST),,28 - 31,3,0,0,,,,,,0,0,,,,,,0,0,,,,,,1
0022400477,193,12,0,2,11:11 PM,12:00,,Start of 2nd Period (11:11 PM EST),,28 - 31,3,0,0,,,,,,0,0,,,,,,0,0,,,,,,0
0022400477,194,1,9,2,11:11 PM,11:44,,,Johnson 3' Driving Dunk (9 PTS) (Okongwu 1 AST),30 - 31,1,5,1630552,Jalen Johnson,1610612737.0,Atlanta,Hawks,ATL,5,1630168,Onyeka Okongwu,1610612737.0,Atlanta,Hawks,ATL,0,0,,,,,,1
0022400477,196,2,79,2,11:12 PM,11:23,MISS Reaves 26' 3PT Pullup Jump Shot,,,,,4,1630559,Austin Reaves,1610612747.0,Los Angeles,Lakers,LAL,0,0,,,,,,0,0,,,,,,1
0022400477,197,4,0,2,11:12 PM,11:18,Knecht REBOUND (Off:1 Def:0),,,,,4,1642261,Dalton Knecht,1610612747.0,Los Angeles,Lakers,LAL,0,0,,,,,,0,0,,,,,,1
0022400477,198,6,2,2,11:12 PM,11:14,,,Johnson S.FOUL (P1.T1) (T.Maddox),,,5,1630552,Jalen Johnson,1610612737.0,Atlanta,Hawks,ATL,4,1629637,Jaxson Hayes,1610612747.0,Los Angeles,Lakers,LAL,1,0,,,,,,1
0022400477,200,3,11,2,11:12 PM,11:14,MISS Hayes Free Throw 1 of 2,,,,,4,1629637,Jaxson Hayes,1610612747.0,Los Angeles,Lakers,LAL,0,0,,,,,,0,0,,,,,,0
0022400477,201,4,1,2,11:12 PM,11:14,LAKERS Rebound,,,,,2,1610612747,,,,,,0,0,,,,,,0,0,,,,,,0
0022400477,202,3,12,2,11:13 PM,11:14,Hayes Free Throw 2 of 2 (1 PTS),,,30 - 32,2,4,1629637,Jaxson Hayes,1610612747.0,Los Angeles,Lakers,LAL,0,0,,,,,,0,0,,,,,,1
0022400477,203,5,45,2,11:13 PM,11:05,,,Young Out of Bounds - Bad Pass Turnover Turnover (P2.T3),,,5,1629027,Trae Young,1610612737.0,Atlanta,Hawks,ATL,0,0,,,,,,1,0,,,,,,1
0022400477,204,1,44,2,11:13 PM,10:50,L. James 1' Reverse Layup (8 PTS),,,30 - 34,4,4,2544,LeBron James,1610612747.0,Los Angeles,Lakers,LAL,0,0,,,,,,0,0,,,,,,1
0022400477,205,1,101,2,11:13 PM,10:40,,,Young 5' Driving Floating Jump Shot (7 PTS),32 - 34,2,5,1629027,Trae Young,1610612737.0,Atlanta,Hawks,ATL,0,0,,,,,,0,0,,,,,,1
0022400477,206,1,1,2,11:13 PM,10:24,Knecht 3PT Jump Shot (3 PTS) (Reaves 2 AST),,,32 - 37,5,4,1642261,Dalton Knecht,1610612747.0,Los Angeles,Lakers,LAL,4,1630559,Austin Reaves,1610612747.0,Los Angeles,Lakers,LAL,0,0,,,,,,1
0022400477,208,6,1,2,11:14 PM,10:17,Finney-Smith P.FOUL (P2.T1) (E.Malloy),,,,,4,1627827,Dorian Finney-Smith,1610612747.0,Los Angeles,Lakers,LAL,5,1629027,Trae Young,1610612737.0,Atlanta,Hawks,ATL,1,0,,,,,,1
0022400477,210,8,0,2,11:14 PM,10:17,SUB: Christie FOR Finney-Smith,,,,,4,1627827,Dorian Finney-Smith,1610612747.0,Los Angeles,Lakers,LAL,4,1631108,Max Christie,1610612747.0,Los Angeles,Lakers,LAL,0,0,,,,,,0
0022400477,212,1,1,2,11:14 PM,10:10,,,Risacher 22' Jump Shot (4 PTS) (Johnson 1 AST),34 - 37,3,5,1642258,Zaccharie Risacher,1610612737.0,Atlanta,Hawks,ATL,5,1630552,Jalen Johnson,1610612737.0,Atlanta,Hawks,ATL,0,0,,,,,,1
0022400477,214,1,52,2,11:14 PM,9:54,Hayes 2' Alley Oop Dunk (3 PTS) (L. James 5 AST),,,34 - 39,5,4,1629637,Jaxson Hayes,1610612747.0,Los Angeles,Lakers,LAL,4,2544,LeBron James,1610612747.0,Los Angeles,Lakers,LAL,0,0,,,,,,1
0022400477,216,1,6,2,11:15 PM,9:40,,,Young 2' Driving Layup (9 PTS),36 - 39,3,5,1629027,Trae Young,1610612737.0,Atlanta,Hawks,ATL,0,0,,,,,,0,0,,,,,,1
0022400477,217,6,2,2,11:15 PM,9:26,,,Okongwu S.FOUL (P2.T2) (E.Malloy),,,5,1630168,Onyeka Okongwu,1610612737.0,Atlanta,Hawks,ATL,4,1631108,Max Christie,1610612747.0,Los Angeles,Lakers,LAL,1,0,,,,,,1
0022400477,219,6,16,2,11:15 PM,9:26,,"Double Technical - Hayes, Young (T.Maddox)",,,,4,1629637,Jaxson Hayes,1610612747.0,Los Angeles,Lakers,LAL,5,1629027,Trae Young,1610612737.0,Atlanta,Hawks,ATL,1,0,,,,,,1
0022400477,221,3,11,2,11:17 PM,9:26,Christie Free Throw 1 of 2 (1 PTS),,,36 - 40,4,4,1631108,Max Christie,1610612747.0,Los Angeles,Lakers,LAL,0,0,,,,,,0,0,,,,,,1
0022400477,222,3,12,2,11:17 PM,9:26,Christie Free Throw 2 of 2 (2 PTS),,,36 - 41,5,4,1631108,Max Christie,1610612747.0,Los Angeles,Lakers,LAL,0,0,,,,,,0,0,,,,,,0
0022400477,223,2,1,2,11:17 PM,9:15,,,MISS Risacher 27' 3PT Jump Shot,,,5,1642258,Zaccharie Risacher,1610612737.0,Atlanta,Hawks,ATL,0,0,,,,,,0,0,,,,,,1
0022400477,224,4,0,2,11:17 PM,9:12,Christie REBOUND (Off:0 Def:2),,,,,4,1631108,Max Christie,1610612747.0,Los Angeles,Lakers,LAL,0,0,,,,,,0,0,,,,,,1
0022400477,225,1,86,2,11:17 PM,9:00,L. James 12' Turnaround Fadeaway (10 PTS),,,36 - 43,7,4,2544,LeBron James,1610612747.0,Los Angeles,Lakers,LAL,0,0,,,,,,0,0,,,,,,1
0022400477,226,2,5,2,11:17 PM,8:40,,,MISS Risacher 4' Layup,,,5,1642258,Zaccharie Risacher,1610612737.0,Atlanta,Hawks,ATL,0,0,,,,,,0,0,,,,,,1
0022400477,227,4,0,2,11:17 PM,8:39,,,Okongwu REBOUND (Off:4 Def:2),,,5,1630168,Onyeka Okongwu,1610612737.0,Atlanta,Hawks,ATL,0,0,,,,,,0,0,,,,,,1
0022400477,228,1,97,2,11:17 PM,8:39,,,Okongwu Tip Layup Shot (8 PTS),38 - 43,5,5,1630168,Onyeka Okongwu,1610612737.0,Atlanta,Hawks,ATL,0,0,,,,,,0,0,,,,,,1
0022400477,229,2,98,2,11:18 PM,8:24,MISS Hayes 3' Cutting Layup Shot,,,,,4,1629637,Jaxson Hayes,1610612747.0,Los Angeles,Lakers,LAL,0,0,,,,,,0,0,,,,,,1
0022400477,230,4,0,2,11:18 PM,8:22,,,Risacher REBOUND (Off:0 Def:2),,,5,1642258,Zaccharie Risacher,1610612737.0,Atlanta,Hawks,ATL,0,0,,,,,,0,0,,,,,,1
0022400477,231,1,41,2,11:18 PM,8:17,,,Johnson 2' Running Layup (11 PTS),40 - 43,3,5,1630552,Jalen Johnson,1610612737.0,Atlanta,Hawks,ATL,0,0,,,,,,0,0,,,,,,1
0022400477,232,5,45,2,11:18 PM,7:58,Reaves Out of Bounds - Bad Pass Turnover Turnover (P3.T5),,,,,4,1630559,Austin Reaves,1610612747.0,Los Angeles,Lakers,LAL,0,0,,,,,,0,0,,,,,,1
0022400477,233,8,0,2,11:18 PM,7:58,SUB: Davis FOR Hayes,,,,,4,1629637,Jaxson Hayes,1610612747.0,Los Angeles,Lakers,LAL,4,203076,Anthony Davis,1610612747.0,Los Angeles,Lakers,LAL,0,0,,,,,,0
0022400477,234,8,0,2,11:18 PM,7:58,SUB: Hachimura FOR L. James,,,,,4,2544,LeBron James,1610612747.0,Los Angeles,Lakers,LAL,4,1629060,Rui Hachimura,1610612747.0,Los Angeles,Lakers,LAL,0,0,,,,,,0
0022400477,235,8,0,2,11:18 PM,7:58,,,SUB: Daniels FOR Johnson,,,5,1630552,Jalen Johnson,1610612737.0,Atlanta,Hawks,ATL,5,1630700,Dyson Daniels,1610612737.0,Atlanta,Hawks,ATL,0,0,,,,,,0
0022400477,236,8,0,2,11:18 PM,7:58,,,SUB: Bogdanovic FOR Young,,,5,1629027,Trae Young,1610612737.0,Atlanta,Hawks,ATL,5,203992,Bogdan Bogdanović,1610612737.0,Atlanta,Hawks,ATL,0,0,,,,,,0
0022400477,241,2,1,2,11:19 PM,7:49,,,MISS Daniels 28' 3PT Jump Shot,,,5,1630700,Dyson Daniels,1610612737.0,Atlanta,Hawks,ATL,0,0,,,,,,0,0,,,,,,1
0022400477,242,4,0,2,11:19 PM,7:49,LAKERS Rebound,,,,,2,1610612747,,,,,,0,0,,,,,,0,0,,,,,,0
0022400477,244,6,2,2,11:19 PM,7:34,,,Mathews S.FOUL (P1.T3) (T.Maddox),,,5,1629726,Garrison Mathews,1610612737.0,Atlanta,Hawks,ATL,4,1642261,Dalton Knecht,1610612747.0,Los Angeles,Lakers,LAL,1,0,,,,,,1
0022400477,246,3,11,2,11:19 PM,7:34,Knecht Free Throw 1 of 2 (4 PTS),,,40 - 44,4,4,1642261,Dalton Knecht,1610612747.0,Los Angeles,Lakers,LAL,0,0,,,,,,0,0,,,,,,1
0022400477,247,8,0,2,11:19 PM,7:34,,,SUB: Hunter FOR Risacher,,,5,1642258,Zaccharie Risacher,1610612737.0,Atlanta,Hawks,ATL,5,1629631,De'Andre Hunter,1610612737.0,Atlanta,Hawks,ATL,0,0,,,,,,0
0022400477,249,3,12,2,11:20 PM,7:34,Knecht Free Throw 2 of 2 (5 PTS),,,40 - 45,5,4,1642261,Dalton Knecht,1610612747.0,Los Angeles,Lakers,LAL,0,0,,,,,,0,0,,,,,,1
0022400477,250,2,3,2,11:20 PM,7:21,,,MISS Okongwu 9' Hook Shot,,,5,1630168,Onyeka Okongwu,1610612737.0,Atlanta,Hawks,ATL,0,0,,,,,,0,0,,,,,,1
0022400477,251,4,0,2,11:20 PM,7:19,Davis REBOUND (Off:2 Def:6),,,,,4,203076,Anthony Davis,1610612747.0,Los Angeles,Lakers,LAL,0,0,,,,,,0,0,,,,,,1
0022400477,252,6,4,2,11:20 PM,7:03,Davis OFF.Foul (P1) (E.Malloy),,,,,4,203076,Anthony Davis,1610612747.0,Los Angeles,Lakers,LAL,5,1629726,Garrison Mathews,1610612737.0,Atlanta,Hawks,ATL,1,0,,,,,,1
0022400477,254,5,37,2,11:20 PM,7:03,Davis Offensive Foul Turnover (P1.T6),,,,,4,203076,Anthony Davis,1610612747.0,Los Angeles,Lakers,LAL,0,0,,,,,,1,0,,,,,,1
0022400477,255,8,0,2,11:20 PM,7:03,,,SUB: Capela FOR Okongwu,,,5,1630168,Onyeka Okongwu,1610612737.0,Atlanta,Hawks,ATL,5,203991,Clint Capela,1610612737.0,Atlanta,Hawks,ATL,0,0,,,,,,0
0022400477,257,1,101,2,11:21 PM,6:49,,,Daniels 4' Driving Floating Jump Shot (7 PTS) (Hunter 1 AST),42 - 45,3,5,1630700,Dyson Daniels,1610612737.0,Atlanta,Hawks,ATL,5,1629631,De'Andre Hunter,1610612737.0,Atlanta,Hawks,ATL,0,0,,,,,,1
0022400477,259,2,79,2,11:21 PM,6:30,MISS Reaves 10' Pullup Jump Shot,,,,,4,1630559,Austin Reaves,1610612747.0,Los Angeles,Lakers,LAL,0,0,,,,,,0,0,,,,,,1
0022400477,260,4,0,2,11:21 PM,6:28,Reaves REBOUND (Off:1 Def:0),,,,,4,1630559,Austin Reaves,1610612747.0,Los Angeles,Lakers,LAL,0,0,,,,,,0,0,,,,,,1
0022400477,261,1,1,2,11:21 PM,6:27,Knecht 24' 3PT Jump Shot (8 PTS) (Reaves 3 AST),,,42 - 48,6,4,1642261,Dalton Knecht,1610612747.0,Los Angeles,Lakers,LAL,4,1630559,Austin Reaves,1610612747.0,Los Angeles,Lakers,LAL,0,0,,,,,,1
0022400477,263,1,79,2,11:21 PM,6:19,,,Hunter 13' Pullup Jump Shot (2 PTS) (Daniels 1 AST),44 - 48,4,5,1629631,De'Andre Hunter,1610612737.0,Atlanta,Hawks,ATL,5,1630700,Dyson Daniels,1610612737.0,Atlanta,Hawks,ATL,0,0,,,,,,1
0022400477,265,2,101,2,11:22 PM,6:02,MISS Reaves 14' Driving Floating Jump Shot,,,,,4,1630559,Austin Reaves,1610612747.0,Los Angeles,Lakers,LAL,0,0,,,,,,0,0,,,,,,1
0022400477,266,4,0,2,11:22 PM,6:02,Davis REBOUND (Off:3 Def:6),,,,,4,203076,Anthony Davis,1610612747.0,Los Angeles,Lakers,LAL,0,0,,,,,,0,0,,,,,,1
0022400477,267,1,72,2,11:22 PM,6:02,Davis 6' Putback Layup (12 PTS),,,44 - 50,6,4,203076,Anthony Davis,1610612747.0,Los Angeles,Lakers,LAL,0,0,,,,,,0,0,,,,,,1
0022400477,268,6,2,2,11:22 PM,6:02,,,Capela S.FOUL (P2.T4) (E.Malloy),,,5,203991,Clint Capela,1610612737.0,Atlanta,Hawks,ATL,4,203076,Anthony Davis,1610612747.0,Los Angeles,Lakers,LAL,1,0,,,,,,1
0022400477,270,9,1,2,11:22 PM,6:02,LAKERS Timeout: Regular (Full 4 Short 0),,,,,2,1610612747,,,,,,0,0,,,,,,0,0,,,,,,0
0022400477,271,8,0,2,11:24 PM,6:02,SUB: Milton FOR Reaves,,,,,4,1630559,Austin Reaves,1610612747.0,Los Angeles,Lakers,LAL,4,1629003,Shake Milton,1610612747.0,Los Angeles,Lakers,LAL,0,0,,,,,,0
0022400477,273,3,10,2,11:25 PM,6:02,Davis Free Throw 1 of 1 (13 PTS),,,44 - 51,7,4,203076,Anthony Davis,1610612747.0,Los Angeles,Lakers,LAL,0,0,,,,,,0,0,,,,,,1
0022400477,274,1,6,2,11:25 PM,5:54,,,Daniels 3' Driving Layup (9 PTS),46 - 51,5,5,1630700,Dyson Daniels,1610612737.0,Atlanta,Hawks,ATL,0,0,,,,,,0,0,,,,,,1
0022400477,275,6,2,2,11:25 PM,5:54,Milton S.FOUL (P1.T2) (E.Malloy),,,,,4,1629003,Shake Milton,1610612747.0,Los Angeles,Lakers,LAL,5,1630700,Dyson Daniels,1610612737.0,Atlanta,Hawks,ATL,1,0,,,,,,1
0022400477,277,3,10,2,11:26 PM,5:54,,,MISS Daniels Free Throw 1 of 1,,,5,1630700,Dyson Daniels,1610612737.0,Atlanta,Hawks,ATL,0,0,,,,,,0,0,,,,,,1
0022400477,278,4,0,2,11:26 PM,5:52,Knecht REBOUND (Off:1 Def:1),,,,,4,1642261,Dalton Knecht,1610612747.0,Los Angeles,Lakers,LAL,0,0,,,,,,0,0,,,,,,1
0022400477,279,5,45,2,11:26 PM,5:38,Davis Out of Bounds - Bad Pass Turnover Turnover (P2.T7),,,,,4,203076,Anthony Davis,1610612747.0,Los Angeles,Lakers,LAL,0,0,,,,,,1,0,,,,,,1
0022400477,280,2,6,2,11:26 PM,5:17,,,MISS Hunter 4' Driving Layup,,,5,1629631,De'Andre Hunter,1610612737.0,Atlanta,Hawks,ATL,0,0,,,,,,0,0,,,,,,1
0022400477,281,4,0,2,11:26 PM,5:16,,,Capela REBOUND (Off:1 Def:2),,,5,203991,Clint Capela,1610612737.0,Atlanta,Hawks,ATL,0,0,,,,,,0,0,,,,,,1
0022400477,282,2,97,2,11:26 PM,5:16,,,MISS Capela Tip Layup Shot,,,5,203991,Clint Capela,1610612737.0,Atlanta,Hawks,ATL,0,0,,,,,,0,0,,,,,,1
0022400477,283,4,0,2,11:26 PM,5:16,,,Hawks Rebound,,,3,1610612737,,,,,,0,0,,,,,,0,0,,,,,,1
0022400477,285,2,1,2,11:27 PM,5:12,,,MISS Mathews 3PT Jump Shot,,,5,1629726,Garrison Mathews,1610612737.0,Atlanta,Hawks,ATL,0,0,,,,,,0,0,,,,,,1
0022400477,286,4,0,2,11:27 PM,5:09,Hachimura REBOUND (Off:2 Def:4),,,,,4,1629060,Rui Hachimura,1610612747.0,Los Angeles,Lakers,LAL,0,0,,,,,,0,0,,,,,,1
0022400477,287,5,45,2,11:27 PM,5:03,Milton Out of Bounds - Bad Pass Turnover Turnover (P1.T8),,,,,4,1629003,Shake Milton,1610612747.0,Los Angeles,Lakers,LAL,0,0,,,,,,1,0,,,,,,1
0022400477,288,2,79,2,11:27 PM,4:56,,,MISS Hunter 27' 3PT Pullup Jump Shot,,,5,1629631,De'Andre Hunter,1610612737.0,Atlanta,Hawks,ATL,0,0,,,,,,0,0,,,,,,1
0022400477,289,4,0,2,11:27 PM,4:52,Milton REBOUND (Off:0 Def:2),,,,,4,1629003,Shake Milton,1610612747.0,Los Angeles,Lakers,LAL,0,0,,,,,,0,0,,,,,,1
0022400477,290,1,6,2,11:28 PM,4:41,Davis 3' Driving Layup (15 PTS),,,46 - 53,7,4,203076,Anthony Davis,1610612747.0,Los Angeles,Lakers,LAL,0,0,,,,,,0,0,,,,,,1
0022400477,291,1,75,2,11:28 PM,4:17,,,Bogdanovic 2' Driving Finger Roll Layup (5 PTS) (Capela 1 AST),48 - 53,5,5,203992,Bogdan Bogdanović,1610612737.0,Atlanta,Hawks,ATL,5,203991,Clint Capela,1610612737.0,Atlanta,Hawks,ATL,0,0,,,,,,1
0022400477,293,1,1,2,11:28 PM,3:58,Davis 16' Jump Shot (17 PTS) (Milton 3 AST),,,48 - 55,7,4,203076,Anthony Davis,1610612747.0,Los Angeles,Lakers,LAL,4,1629003,Shake Milton,1610612747.0,Los Angeles,Lakers,LAL,0,0,,,,,,1
0022400477,295,2,101,2,11:28 PM,3:46,,,MISS Daniels 4' Driving Floating Jump Shot,,,5,1630700,Dyson Daniels,1610612737.0,Atlanta,Hawks,ATL,0,0,,,,,,0,0,,,,,,1
0022400477,296,4,0,2,11:28 PM,3:46,,,Capela REBOUND (Off:2 Def:2),,,5,203991,Clint Capela,1610612737.0,Atlanta,Hawks,ATL,0,0,,,,,,0,0,,,,,,1
0022400477,297,1,97,2,11:28 PM,3:41,,,Capela Tip Layup Shot (2 PTS),50 - 55,5,5,203991,Clint Capela,1610612737.0,Atlanta,Hawks,ATL,0,0,,,,,,0,0,,,,,,1
0022400477,298,2,1,2,11:29 PM,3:29,MISS Davis 26' 3PT Jump Shot,,,,,4,203076,Anthony Davis,1610612747.0,Los Angeles,Lakers,LAL,0,0,,,,,,0,0,,,,,,1
0022400477,299,4,0,2,11:29 PM,3:26,,,Daniels REBOUND (Off:0 Def:1),,,5,1630700,Dyson Daniels,1610612737.0,Atlanta,Hawks,ATL,0,0,,,,,,0,0,,,,,,1
0022400477,300,1,50,2,11:29 PM,3:25,,,Capela 4' Running Dunk (4 PTS) (Daniels 2 AST),52 - 55,3,5,203991,Clint Capela,1610612737.0,Atlanta,Hawks,ATL,5,1630700,Dyson Daniels,1610612737.0,Atlanta,Hawks,ATL,0,0,,,,,,1
0022400477,302,1,80,2,11:29 PM,3:01,Knecht 27' 3PT Step Back Jump Shot (11 PTS) (Christie 1 AST),,,52 - 58,6,4,1642261,Dalton Knecht,1610612747.0,Los Angeles,Lakers,LAL,4,1631108,Max Christie,1610612747.0,Los Angeles,Lakers,LAL,0,0,,,,,,1
0022400477,304,9,1,2,11:29 PM,3:00,,,Hawks Timeout: Regular (Reg.1 Short 0),,,3,1610612737,,,,,,0,0,,,,,,0,0,,,,,,0
0022400477,305,8,0,2,11:32 PM,3:00,SUB: Reaves FOR Hachimura,,,,,4,1629060,Rui Hachimura,1610612747.0,Los Angeles,Lakers,LAL,4,1630559,Austin Reaves,1610612747.0,Los Angeles,Lakers,LAL,0,0,,,,,,0
0022400477,306,8,0,2,11:32 PM,3:00,SUB: L. James FOR Milton,,,,,4,1629003,Shake Milton,1610612747.0,Los Angeles,Lakers,LAL,4,2544,LeBron James,1610612747.0,Los Angeles,Lakers,LAL,0,0,,,,,,0
0022400477,307,8,0,2,11:32 PM,3:00,,,SUB: Johnson FOR Daniels,,,5,1630700,Dyson Daniels,1610612737.0,Atlanta,Hawks,ATL,5,1630552,Jalen Johnson,1610612737.0,Atlanta,Hawks,ATL,0,0,,,,,,0
0022400477,308,8,0,2,11:32 PM,3:00,,,SUB: Young FOR Mathews,,,5,1629726,Garrison Mathews,1610612737.0,Atlanta,Hawks,ATL,5,1629027,Trae Young,1610612737.0,Atlanta,Hawks,ATL,0,0,,,,,,0
0022400477,313,2,98,2,11:33 PM,2:44,Davis BLOCK (2 BLK),,MISS Hunter 3' Cutting Layup Shot,,,5,1629631,De'Andre Hunter,1610612737.0,Atlanta,Hawks,ATL,0,0,,,,,,4,203076,Anthony Davis,1610612747.0,Los Angeles,Lakers,LAL,1
0022400477,315,4,0,2,11:33 PM,2:44,,,Hawks Rebound,,,3,1610612737,,,,,,0,0,,,,,,0,0,,,,,,0
0022400477,317,1,1,2,11:33 PM,2:35,,,Johnson 3PT Jump Shot (14 PTS) (Bogdanovic 2 AST),55 - 58,3,5,1630552,Jalen Johnson,1610612737.0,Atlanta,Hawks,ATL,5,203992,Bogdan Bogdanović,1610612737.0,Atlanta,Hawks,ATL,0,0,,,,,,1
0022400477,319,6,4,2,11:33 PM,2:23,Knecht OFF.Foul (P1) (E.Malloy),,,,,4,1642261,Dalton Knecht,1610612747.0,Los Angeles,Lakers,LAL,5,203992,Bogdan Bogdanović,1610612737.0,Atlanta,Hawks,ATL,1,0,,,,,,1
0022400477,321,5,37,2,11:33 PM,2:23,Knecht Offensive Foul Turnover (P1.T9),,,,,4,1642261,Dalton Knecht,1610612747.0,Los Angeles,Lakers,LAL,0,0,,,,,,1,0,,,,,,1
0022400477,322,8,0,2,11:34 PM,2:23,SUB: Finney-Smith FOR Knecht,,,,,4,1642261,Dalton Knecht,1610612747.0,Los Angeles,Lakers,LAL,4,1627827,Dorian Finney-Smith,1610612747.0,Los Angeles,Lakers,LAL,0,0,,,,,,0
0022400477,323,8,0,2,11:34 PM,2:23,,,SUB: Daniels FOR Bogdanovic,,,5,203992,Bogdan Bogdanović,1610612737.0,Atlanta,Hawks,ATL,5,1630700,Dyson Daniels,1610612737.0,Atlanta,Hawks,ATL,0,0,,,,,,0
0022400477,326,2,1,2,11:34 PM,2:11,,,MISS Hunter 25' 3PT Jump Shot,,,5,1629631,De'Andre Hunter,1610612737.0,Atlanta,Hawks,ATL,0,0,,,,,,0,0,,,,,,1
0022400477,327,4,0,2,11:34 PM,2:07,Christie REBOUND (Off:0 Def:3),,,,,4,1631108,Max Christie,1610612747.0,Los Angeles,Lakers,LAL,0,0,,,,,,0,0,,,,,,1
0022400477,328,6,1,2,11:34 PM,2:03,,,Hunter P.FOUL (P2.PN) (E.Malloy),,,5,1629631,De'Andre Hunter,1610612737.0,Atlanta,Hawks,ATL,4,2544,LeBron James,1610612747.0,Los Angeles,Lakers,LAL,1,0,,,,,,1
0022400477,337,18,7,2,11:35 PM,2:03,,Instant Replay2nd Period (11:35 PM EST),,55 - 58,3,0,317,John Starks,,,,,0,0,,,,,,1,0,,,,,,0
0022400477,332,3,11,2,11:35 PM,2:03,L. James Free Throw 1 of 2 (11 PTS),,,55 - 59,4,4,2544,LeBron James,1610612747.0,Los Angeles,Lakers,LAL,0,0,,,,,,0,0,,,,,,1
0022400477,333,3,12,2,11:36 PM,2:03,L. James Free Throw 2 of 2 (12 PTS),,,55 - 60,5,4,2544,LeBron James,1610612747.0,Los Angeles,Lakers,LAL,0,0,,,,,,0,0,,,,,,1
0022400477,334,2,80,2,11:36 PM,1:48,,,MISS Young 28' 3PT Step Back Jump Shot,,,5,1629027,Trae Young,1610612737.0,Atlanta,Hawks,ATL,0,0,,,,,,0,0,,,,,,1
0022400477,335,4,0,2,11:36 PM,1:46,Davis REBOUND (Off:3 Def:7),,,,,4,203076,Anthony Davis,1610612747.0,Los Angeles,Lakers,LAL,0,0,,,,,,0,0,,,,,,1
0022400477,336,1,86,2,11:36 PM,1:36,L. James 16' Turnaround Fadeaway (14 PTS),,,55 - 62,7,4,2544,LeBron James,1610612747.0,Los Angeles,Lakers,LAL,0,0,,,,,,0,0,,,,,,1
0022400477,338,5,1,2,11:36 PM,1:17,Davis STEAL (2 STL),,Johnson Bad Pass Turnover (P1.T4),,,5,1630552,Jalen Johnson,1610612737.0,Atlanta,Hawks,ATL,4,203076,Anthony Davis,1610612747.0,Los Angeles,Lakers,LAL,0,0,,,,,,1
0022400477,340,1,1,2,11:37 PM,1:12,Christie 3PT Jump Shot (5 PTS) (Reaves 4 AST),,,55 - 65,10,4,1631108,Max Christie,1610612747.0,Los Angeles,Lakers,LAL,4,1630559,Austin Reaves,1610612747.0,Los Angeles,Lakers,LAL,0,0,,,,,,1
0022400477,343,1,5,2,11:37 PM,0:54,,,Capela 2' Layup (6 PTS) (Young 6 AST),57 - 65,8,5,203991,Clint Capela,1610612737.0,Atlanta,Hawks,ATL,5,1629027,Trae Young,1610612737.0,Atlanta,Hawks,ATL,0,0,,,,,,1
0022400477,345,2,1,2,11:37 PM,0:36,MISS Davis 3PT Jump Shot,,,,,4,203076,Anthony Davis,1610612747.0,Los Angeles,Lakers,LAL,0,0,,,,,,0,0,,,,,,1
0022400477,346,4,0,2,11:37 PM,0:32,,,Johnson REBOUND (Off:0 Def:3),,,5,1630552,Jalen Johnson,1610612737.0,Atlanta,Hawks,ATL,0,0,,,,,,0,0,,,,,,1
0022400477,347,2,101,2,11:37 PM,0:27,,,MISS Young 9' Driving Floating Jump Shot,,,5,1629027,Trae Young,1610612737.0,Atlanta,Hawks,ATL,0,0,,,,,,0,0,,,,,,1
0022400477,348,4,0,2,11:38 PM,0:23,Davis REBOUND (Off:3 Def:8),,,,,4,203076,Anthony Davis,1610612747.0,Los Angeles,Lakers,LAL,0,0,,,,,,0,0,,,,,,1
0022400477,349,2,101,2,11:38 PM,0:04,MISS Reaves 6' Driving Floating Jump Shot,,,,,4,1630559,Austin Reaves,1610612747.0,Los Angeles,Lakers,LAL,0,0,,,,,,0,0,,,,,,1
0022400477,350,4,0,2,11:38 PM,0:03,Reaves REBOUND (Off:2 Def:0),,,,,4,1630559,Austin Reaves,1610612747.0,Los Angeles,Lakers,LAL,0,0,,,,,,0,0,,,,,,1
0022400477,351,2,97,2,11:38 PM,0:03,MISS Reaves Tip Layup Shot,,,,,4,1630559,Austin Reaves,1610612747.0,Los Angeles,Lakers,LAL,0,0,,,,,,0,0,,,,,,1
0022400477,352,4,0,2,11:38 PM,0:01,,,Daniels REBOUND (Off:0 Def:2),,,5,1630700,Dyson Daniels,1610612737.0,Atlanta,Hawks,ATL,0,0,,,,,,0,0,,,,,,1
0022400477,355,2,1,2,11:38 PM,0:00,,,MISS Daniels 75' 3PT Jump Shot,,,5,1630700,Dyson Daniels,1610612737.0,Atlanta,Hawks,ATL,0,0,,,,,,0,0,,,,,,1
0022400477,356,4,0,2,11:38 PM,0:00,,,Hawks Rebound,,,3,1610612737,,,,,,0,0,,,,,,0,0,,,,,,1
0022400477,353,13,0,2,11:38 PM,0:00,,End of 2nd Period (11:38 PM EST),,57 - 65,8,0,0,,,,,,0,0,,,,,,0,0,,,,,,1
0022400477,361,12,0,3,11:53 PM,12:00,,Start of 3rd Period (11:53 PM EST),,57 - 65,8,0,0,,,,,,0,0,,,,,,0,0,,,,,,0
0022400477,362,2,1,3,11:54 PM,11:42,,,MISS Young 28' 3PT Jump Shot,,,5,1629027,Trae Young,1610612737.0,Atlanta,Hawks,ATL,0,0,,,,,,0,0,,,,,,1
0022400477,363,4,0,3,11:54 PM,11:42,LAKERS Rebound,,,,,2,1610612747,,,,,,0,0,,,,,,0,0,,,,,,1
0022400477,365,1,1,3,11:54 PM,11:25,Reaves 28' 3PT Jump Shot (7 PTS) (L. James 6 AST),,,57 - 68,11,4,1630559,Austin Reaves,1610612747.0,Los Angeles,Lakers,LAL,4,2544,LeBron James,1610612747.0,Los Angeles,Lakers,LAL,0,0,,,,,,1
0022400477,367,2,1,3,11:54 PM,11:15,,,MISS Johnson 26' 3PT Jump Shot,,,5,1630552,Jalen Johnson,1610612737.0,Atlanta,Hawks,ATL,0,0,,,,,,0,0,,,,,,1
0022400477,368,4,0,3,11:54 PM,11:12,Reaves REBOUND (Off:2 Def:1),,,,,4,1630559,Austin Reaves,1610612747.0,Los Angeles,Lakers,LAL,0,0,,,,,,0,0,,,,,,1
0022400477,369,6,2,3,11:54 PM,11:10,,,Risacher S.FOUL (P2.T1) (T.Maddox),,,5,1642258,Zaccharie Risacher,1610612737.0,Atlanta,Hawks,ATL,4,1630559,Austin Reaves,1610612747.0,Los Angeles,Lakers,LAL,1,0,,,,,,1
0022400477,371,3,11,3,11:55 PM,11:10,Reaves Free Throw 1 of 2 (8 PTS),,,57 - 69,12,4,1630559,Austin Reaves,1610612747.0,Los Angeles,Lakers,LAL,0,0,,,,,,0,0,,,,,,1
0022400477,372,3,12,3,11:55 PM,11:10,Reaves Free Throw 2 of 2 (9 PTS),,,57 - 70,13,4,1630559,Austin Reaves,1610612747.0,Los Angeles,Lakers,LAL,0,0,,,,,,0,0,,,,,,1
0022400477,373,1,6,3,11:55 PM,10:57,,,Young 2' Driving Layup (11 PTS) (Daniels 3 AST),59 - 70,11,5,1629027,Trae Young,1610612737.0,Atlanta,Hawks,ATL,5,1630700,Dyson Daniels,1610612737.0,Atlanta,Hawks,ATL,0,0,,,,,,1
0022400477,375,1,108,3,11:56 PM,10:44,Hachimura 5' Cutting Dunk Shot (8 PTS) (L. James 7 AST),,,59 - 72,13,4,1629060,Rui Hachimura,1610612747.0,Los Angeles,Lakers,LAL,4,2544,LeBron James,1610612747.0,Los Angeles,Lakers,LAL,0,0,,,,,,1
0022400477,377,1,101,3,11:56 PM,10:24,,,Daniels 4' Driving Floating Jump Shot (11 PTS),61 - 72,11,5,1630700,Dyson Daniels,1610612737.0,Atlanta,Hawks,ATL,0,0,,,,,,0,0,,,,,,1
0022400477,378,6,4,3,11:56 PM,10:15,L. James OFF.Foul (P2) (E.Malloy),,,,,4,2544,LeBron James,1610612747.0,Los Angeles,Lakers,LAL,5,1630700,Dyson Daniels,1610612737.0,Atlanta,Hawks,ATL,1,0,,,,,,1
0022400477,380,5,37,3,11:56 PM,10:15,L. James Offensive Foul Turnover (P2.T10),,,,,4,2544,LeBron James,1610612747.0,Los Angeles,Lakers,LAL,0,0,,,,,,1,0,,,,,,1
0022400477,381,1,6,3,11:57 PM,10:01,,,Young 4' Driving Layup (13 PTS) (Capela 2 AST),63 - 72,9,5,1629027,Trae Young,1610612737.0,Atlanta,Hawks,ATL,5,203991,Clint Capela,1610612737.0,Atlanta,Hawks,ATL,0,0,,,,,,1
0022400477,383,6,2,3,11:57 PM,10:01,Hachimura S.FOUL (P1.T1) (T.Maddox),,,,,4,1629060,Rui Hachimura,1610612747.0,Los Angeles,Lakers,LAL,5,1629027,Trae Young,1610612737.0,Atlanta,Hawks,ATL,1,0,,,,,,1
0022400477,385,3,10,3,11:57 PM,10:01,,,Young Free Throw 1 of 1 (14 PTS),64 - 72,8,5,1629027,Trae Young,1610612737.0,Atlanta,Hawks,ATL,0,0,,,,,,0,0,,,,,,1
0022400477,387,5,2,3,11:58 PM,9:37,Christie Lost Ball Turnover (P1.T11),,Young STEAL (1 STL),,,4,1631108,Max Christie,1610612747.0,Los Angeles,Lakers,LAL,5,1629027,Trae Young,1610612737.0,Atlanta,Hawks,ATL,0,0,,,,,,1
0022400477,389,2,101,3,11:58 PM,9:32,,,MISS Johnson 6' Driving Floating Jump Shot,,,5,1630552,Jalen Johnson,1610612737.0,Atlanta,Hawks,ATL,0,0,,,,,,0,0,,,,,,1
0022400477,391,4,0,3,11:58 PM,9:31,Davis REBOUND (Off:3 Def:9),,,,,4,203076,Anthony Davis,1610612747.0,Los Angeles,Lakers,LAL,0,0,,,,,,0,0,,,,,,1
0022400477,392,5,1,3,11:58 PM,9:30,Davis Bad Pass Turnover (P3.T12),,Daniels STEAL (2 STL),,,4,203076,Anthony Davis,1610612747.0,Los Angeles,Lakers,LAL,5,1630700,Dyson Daniels,1610612737.0,Atlanta,Hawks,ATL,0,0,,,,,,1
0022400477,394,2,98,3,11:58 PM,9:27,Davis BLOCK (3 BLK),,MISS Johnson 6' Cutting Layup Shot,,,5,1630552,Jalen Johnson,1610612737.0,Atlanta,Hawks,ATL,0,0,,,,,,4,203076,Anthony Davis,1610612747.0,Los Angeles,Lakers,LAL,1
0022400477,396,4,0,3,11:58 PM,9:26,Davis REBOUND (Off:3 Def:10),,,,,4,203076,Anthony Davis,1610612747.0,Los Angeles,Lakers,LAL,0,0,,,,,,0,0,,,,,,1
0022400477,397,2,1,3,11:58 PM,9:17,MISS Hachimura 25' 3PT Jump Shot,,,,,4,1629060,Rui Hachimura,1610612747.0,Los Angeles,Lakers,LAL,0,0,,,,,,0,0,,,,,,1
0022400477,398,4,0,3,11:58 PM,9:17,Christie REBOUND (Off:1 Def:3),,,,,4,1631108,Max Christie,1610612747.0,Los Angeles,Lakers,LAL,0,0,,,,,,0,0,,,,,,1
0022400477,399,1,1,3,11:58 PM,9:14,L. James 29' 3PT Jump Shot (17 PTS) (Hachimura 1 AST),,,64 - 75,11,4,2544,LeBron James,1610612747.0,Los Angeles,Lakers,LAL,4,1629060,Rui Hachimura,1610612747.0,Los Angeles,Lakers,LAL,0,0,,,,,,1
0022400477,401,1,80,3,11:58 PM,9:01,,,Young 25' 3PT Step Back Jump Shot (17 PTS),67 - 75,8,5,1629027,Trae Young,1610612737.0,Atlanta,Hawks,ATL,0,0,,,,,,0,0,,,,,,1
0022400477,402,1,1,3,11:59 PM,8:42,L. James 23' Jump Shot (19 PTS) (Reaves 5 AST),,,67 - 77,10,4,2544,LeBron James,1610612747.0,Los Angeles,Lakers,LAL,4,1630559,Austin Reaves,1610612747.0,Los Angeles,Lakers,LAL,0,0,,,,,,1
0022400477,404,6,2,3,11:59 PM,8:30,Christie S.FOUL (P2.T2) (T.Maddox),,,,,4,1631108,Max Christie,1610612747.0,Los Angeles,Lakers,LAL,5,1629027,Trae Young,1610612737.0,Atlanta,Hawks,ATL,1,0,,,,,,1
0022400477,406,3,13,3,12:00 AM,8:30,,,Young Free Throw 1 of 3 (18 PTS),68 - 77,9,5,1629027,Trae Young,1610612737.0,Atlanta,Hawks,ATL,0,0,,,,,,0,0,,,,,,1
0022400477,407,3,14,3,12:00 AM,8:30,,,Young Free Throw 2 of 3 (19 PTS),69 - 77,8,5,1629027,Trae Young,1610612737.0,Atlanta,Hawks,ATL,0,0,,,,,,0,0,,,,,,1
0022400477,408,3,15,3,12:00 AM,8:30,,,Young Free Throw 3 of 3 (20 PTS),70 - 77,7,5,1629027,Trae Young,1610612737.0,Atlanta,Hawks,ATL,0,0,,,,,,0,0,,,,,,1
0022400477,409,1,98,3,12:00 AM,8:12,Hachimura 2' Cutting Layup Shot (10 PTS) (Reaves 6 AST),,,70 - 79,9,4,1629060,Rui Hachimura,1610612747.0,Los Angeles,Lakers,LAL,4,1630559,Austin Reaves,1610612747.0,Los Angeles,Lakers,LAL,0,0,,,,,,1
0022400477,411,1,98,3,12:01 AM,7:59,,,Johnson 2' Cutting Layup Shot (16 PTS) (Young 7 AST),72 - 79,7,5,1630552,Jalen Johnson,1610612737.0,Atlanta,Hawks,ATL,5,1629027,Trae Young,1610612737.0,Atlanta,Hawks,ATL,0,0,,,,,,1
0022400477,416,18,7,3,12:01 AM,7:59,,Instant Replay3rd Period (12:01 AM EST),,72 - 79,7,0,402,Jon Koncak,,,,,0,0,,,,,,1,0,,,,,,0
0022400477,413,6,2,3,12:01 AM,7:59,L. James S.FOUL (P3.T3) (E.Malloy),,,,,4,2544,LeBron James,1610612747.0,Los Angeles,Lakers,LAL,5,1630552,Jalen Johnson,1610612737.0,Atlanta,Hawks,ATL,1,0,,,,,,1
0022400477,415,3,10,3,12:02 AM,7:59,,,Johnson Free Throw 1 of 1 (17 PTS),73 - 79,6,5,1630552,Jalen Johnson,1610612737.0,Atlanta,Hawks,ATL,0,0,,,,,,0,0,,,,,,1
0022400477,417,5,1,3,12:02 AM,7:44,Reaves Bad Pass Turnover (P4.T13),,Daniels STEAL (3 STL),,,4,1630559,Austin Reaves,1610612747.0,Los Angeles,Lakers,LAL,5,1630700,Dyson Daniels,1610612737.0,Atlanta,Hawks,ATL,0,0,,,,,,1
0022400477,419,2,2,3,12:02 AM,7:42,,,MISS Young 29' 3PT Running Jump Shot,,,5,1629027,Trae Young,1610612737.0,Atlanta,Hawks,ATL,0,0,,,,,,0,0,,,,,,1
0022400477,420,4,0,3,12:02 AM,7:38,,,Capela REBOUND (Off:3 Def:2),,,5,203991,Clint Capela,1610612737.0,Atlanta,Hawks,ATL,0,0,,,,,,0,0,,,,,,1
0022400477,421,2,79,3,12:02 AM,7:21,,,MISS Young 25' 3PT Pullup Jump Shot,,,5,1629027,Trae Young,1610612737.0,Atlanta,Hawks,ATL,0,0,,,,,,0,0,,,,,,1
0022400477,422,4,0,3,12:02 AM,7:18,,,Johnson REBOUND (Off:1 Def:3),,,5,1630552,Jalen Johnson,1610612737.0,Atlanta,Hawks,ATL,0,0,,,,,,0,0,,,,,,1
0022400477,423,2,101,3,12:02 AM,7:15,,,MISS Risacher 3' Driving Floating Jump Shot,,,5,1642258,Zaccharie Risacher,1610612737.0,Atlanta,Hawks,ATL,0,0,,,,,,0,0,,,,,,1
0022400477,424,4,0,3,12:02 AM,7:12,L. James REBOUND (Off:0 Def:1),,,,,4,2544,LeBron James,1610612747.0,Los Angeles,Lakers,LAL,0,0,,,,,,0,0,,,,,,1
0022400477,425,6,1,3,12:03 AM,7:08,,,Risacher P.FOUL (P3.T2) (M.Smith),,,5,1642258,Zaccharie Risacher,1610612737.0,Atlanta,Hawks,ATL,4,2544,LeBron James,1610612747.0,Los Angeles,Lakers,LAL,1,0,,,,,,1
0022400477,427,8,0,3,12:03 AM,7:08,,,SUB: Hunter FOR Johnson,,,5,1630552,Jalen Johnson,1610612737.0,Atlanta,Hawks,ATL,5,1629631,De'Andre Hunter,1610612737.0,Atlanta,Hawks,ATL,0,0,,,,,,0
0022400477,428,8,0,3,12:03 AM,7:08,,,SUB: Bogdanovic FOR Young,,,5,1629027,Trae Young,1610612737.0,Atlanta,Hawks,ATL,5,203992,Bogdan Bogdanović,1610612737.0,Atlanta,Hawks,ATL,0,0,,,,,,0
0022400477,431,1,108,3,12:03 AM,7:03,Christie 2' Cutting Dunk Shot (7 PTS) (Davis 2 AST),,,73 - 81,8,4,1631108,Max Christie,1610612747.0,Los Angeles,Lakers,LAL,4,203076,Anthony Davis,1610612747.0,Los Angeles,Lakers,LAL,0,0,,,,,,1
0022400477,433,2,1,3,12:04 AM,6:44,,,MISS Hunter 25' 3PT Jump Shot,,,5,1629631,De'Andre Hunter,1610612737.0,Atlanta,Hawks,ATL,0,0,,,,,,0,0,,,,,,1
0022400477,434,4,0,3,12:04 AM,6:42,Reaves REBOUND (Off:2 Def:2),,,,,4,1630559,Austin Reaves,1610612747.0,Los Angeles,Lakers,LAL,0,0,,,,,,0,0,,,,,,1
0022400477,435,6,1,3,12:04 AM,6:27,,,Capela P.FOUL (P3.T3) (E.Malloy),,,5,203991,Clint Capela,1610612737.0,Atlanta,Hawks,ATL,4,203076,Anthony Davis,1610612747.0,Los Angeles,Lakers,LAL,1,0,,,,,,1
0022400477,437,9,1,3,12:04 AM,6:27,LAKERS Timeout: Regular (Full 5 Short 0),,,,,2,1610612747,,,,,,0,0,,,,,,0,0,,,,,,0
0022400477,438,8,0,3,12:07 AM,6:27,SUB: Finney-Smith FOR L. James,,,,,4,2544,LeBron James,1610612747.0,Los Angeles,Lakers,LAL,4,1627827,Dorian Finney-Smith,1610612747.0,Los Angeles,Lakers,LAL,0,0,,,,,,0
0022400477,439,8,0,3,12:07 AM,6:27,,,SUB: Okongwu FOR Capela,,,5,203991,Clint Capela,1610612737.0,Atlanta,Hawks,ATL,5,1630168,Onyeka Okongwu,1610612737.0,Atlanta,Hawks,ATL,0,0,,,,,,0
0022400477,442,5,1,3,12:07 AM,6:23,Christie Bad Pass Turnover (P2.T14),,Bogdanovic STEAL (3 STL),,,4,1631108,Max Christie,1610612747.0,Los Angeles,Lakers,LAL,5,203992,Bogdan Bogdanović,1610612737.0,Atlanta,Hawks,ATL,0,0,,,,,,1
0022400477,444,2,6,3,12:07 AM,6:09,Hachimura BLOCK (1 BLK),,MISS Risacher 3' Driving Layup,,,5,1642258,Zaccharie Risacher,1610612737.0,Atlanta,Hawks,ATL,0,0,,,,,,4,1629060,Rui Hachimura,1610612747.0,Los Angeles,Lakers,LAL,1
0022400477,446,4,0,3,12:07 AM,6:06,Finney-Smith REBOUND (Off:1 Def:1),,,,,4,1627827,Dorian Finney-Smith,1610612747.0,Los Angeles,Lakers,LAL,0,0,,,,,,0,0,,,,,,1
0022400477,447,1,103,3,12:07 AM,6:01,Reaves 27' 3PT Running Pull-Up Jump Shot (12 PTS),,,73 - 84,11,4,1630559,Austin Reaves,1610612747.0,Los Angeles,Lakers,LAL,0,0,,,,,,0,0,,,,,,1
0022400477,448,6,1,3,12:08 AM,5:53,Reaves P.FOUL (P1.T4) (T.Maddox),,,,,4,1630559,Austin Reaves,1610612747.0,Los Angeles,Lakers,LAL,5,1629631,De'Andre Hunter,1610612737.0,Atlanta,Hawks,ATL,1,0,,,,,,1
0022400477,450,2,6,3,12:08 AM,5:46,,,MISS Hunter 2' Driving Layup,,,5,1629631,De'Andre Hunter,1610612737.0,Atlanta,Hawks,ATL,0,0,,,,,,0,0,,,,,,1
0022400477,451,4,0,3,12:08 AM,5:41,Hachimura REBOUND (Off:2 Def:5),,,,,4,1629060,Rui Hachimura,1610612747.0,Los Angeles,Lakers,LAL,0,0,,,,,,0,0,,,,,,1
0022400477,452,2,101,3,12:08 AM,5:28,MISS Davis 9' Driving Floating Jump Shot,,,,,4,203076,Anthony Davis,1610612747.0,Los Angeles,Lakers,LAL,0,0,,,,,,0,0,,,,,,1
0022400477,453,4,0,3,12:08 AM,5:26,,,Risacher REBOUND (Off:0 Def:3),,,5,1642258,Zaccharie Risacher,1610612737.0,Atlanta,Hawks,ATL,0,0,,,,,,0,0,,,,,,1
0022400477,454,1,41,3,12:08 AM,5:24,,,Risacher 3' Running Layup (6 PTS),75 - 84,9,5,1642258,Zaccharie Risacher,1610612737.0,Atlanta,Hawks,ATL,0,0,,,,,,0,0,,,,,,1
0022400477,455,6,2,3,12:08 AM,5:24,Finney-Smith S.FOUL (P3.PN) (M.Smith),,,,,4,1627827,Dorian Finney-Smith,1610612747.0,Los Angeles,Lakers,LAL,5,1642258,Zaccharie Risacher,1610612737.0,Atlanta,Hawks,ATL,1,0,,,,,,1
0022400477,457,3,10,3,12:09 AM,5:24,,,Risacher Free Throw 1 of 1 (7 PTS),76 - 84,8,5,1642258,Zaccharie Risacher,1610612737.0,Atlanta,Hawks,ATL,0,0,,,,,,0,0,,,,,,1
0022400477,458,5,2,3,12:09 AM,5:16,Reaves Lost Ball Turnover (P5.T15),,Daniels STEAL (4 STL),,,4,1630559,Austin Reaves,1610612747.0,Los Angeles,Lakers,LAL,5,1630700,Dyson Daniels,1610612737.0,Atlanta,Hawks,ATL,0,0,,,,,,1
0022400477,460,1,74,3,12:09 AM,5:12,,,Daniels 1' Running Reverse Layup (13 PTS),78 - 84,6,5,1630700,Dyson Daniels,1610612737.0,Atlanta,Hawks,ATL,0,0,,,,,,0,0,,,,,,1
0022400477,462,6,2,3,12:09 AM,4:51,,,Okongwu S.FOUL (P3.T4) (T.Maddox),,,5,1630168,Onyeka Okongwu,1610612737.0,Atlanta,Hawks,ATL,4,203076,Anthony Davis,1610612747.0,Los Angeles,Lakers,LAL,1,0,,,,,,1
0022400477,464,3,11,3,12:10 AM,4:51,MISS Davis Free Throw 1 of 2,,,,,4,203076,Anthony Davis,1610612747.0,Los Angeles,Lakers,LAL,0,0,,,,,,0,0,,,,,,1
0022400477,465,4,1,3,12:10 AM,4:51,LAKERS Rebound,,,,,2,1610612747,,,,,,0,0,,,,,,0,0,,,,,,0
0022400477,466,3,12,3,12:10 AM,4:51,Davis Free Throw 2 of 2 (18 PTS),,,78 - 85,7,4,203076,Anthony Davis,1610612747.0,Los Angeles,Lakers,LAL,0,0,,,,,,0,0,,,,,,1
0022400477,467,2,80,3,12:11 AM,4:37,,,MISS Risacher 25' 3PT Step Back Jump Shot,,,5,1642258,Zaccharie Risacher,1610612737.0,Atlanta,Hawks,ATL,0,0,,,,,,0,0,,,,,,1
0022400477,468,4,0,3,12:11 AM,4:33,,,Okongwu REBOUND (Off:5 Def:2),,,5,1630168,Onyeka Okongwu,1610612737.0,Atlanta,Hawks,ATL,0,0,,,,,,0,0,,,,,,1
0022400477,469,1,7,3,12:11 AM,4:31,,,Okongwu 1' Dunk (10 PTS),80 - 85,5,5,1630168,Onyeka Okongwu,1610612737.0,Atlanta,Hawks,ATL,0,0,,,,,,0,0,,,,,,1
0022400477,470,2,1,3,12:11 AM,4:19,MISS Davis 20' Jump Shot,,,,,4,203076,Anthony Davis,1610612747.0,Los Angeles,Lakers,LAL,0,0,,,,,,0,0,,,,,,1
0022400477,471,4,0,3,12:11 AM,4:15,,,Daniels REBOUND (Off:0 Def:3),,,5,1630700,Dyson Daniels,1610612737.0,Atlanta,Hawks,ATL,0,0,,,,,,0,0,,,,,,1
0022400477,472,2,63,3,12:11 AM,3:59,,,MISS Bogdanovic 10' Fadeaway Jumper,,,5,203992,Bogdan Bogdanović,1610612737.0,Atlanta,Hawks,ATL,0,0,,,,,,0,0,,,,,,1
0022400477,473,4,0,3,12:11 AM,3:56,Davis REBOUND (Off:3 Def:11),,,,,4,203076,Anthony Davis,1610612747.0,Los Angeles,Lakers,LAL,0,0,,,,,,0,0,,,,,,1
0022400477,475,2,44,3,12:12 AM,3:44,MISS Reaves 4' Reverse Layup,,,,,4,1630559,Austin Reaves,1610612747.0,Los Angeles,Lakers,LAL,0,0,,,,,,0,0,,,,,,1
0022400477,476,4,0,3,12:12 AM,3:43,Davis REBOUND (Off:4 Def:11),,,,,4,203076,Anthony Davis,1610612747.0,Los Angeles,Lakers,LAL,0,0,,,,,,0,0,,,,,,1
0022400477,477,2,97,3,12:12 AM,3:43,MISS Davis Tip Layup Shot,,,,,4,203076,Anthony Davis,1610612747.0,Los Angeles,Lakers,LAL,0,0,,,,,,0,0,,,,,,1
0022400477,478,4,0,3,12:12 AM,3:40,Reaves REBOUND (Off:3 Def:2),,,,,4,1630559,Austin Reaves,1610612747.0,Los Angeles,Lakers,LAL,0,0,,,,,,0,0,,,,,,1
0022400477,479,6,1,3,12:12 AM,3:39,,,Hunter P.FOUL (P3.PN) (M.Smith),,,5,1629631,De'Andre Hunter,1610612737.0,Atlanta,Hawks,ATL,4,1630559,Austin Reaves,1610612747.0,Los Angeles,Lakers,LAL,1,0,,,,,,1
0022400477,481,3,11,3,12:12 AM,3:39,MISS Reaves Free Throw 1 of 2,,,,,4,1630559,Austin Reaves,1610612747.0,Los Angeles,Lakers,LAL,0,0,,,,,,0,0,,,,,,1
0022400477,482,4,1,3,12:12 AM,3:39,LAKERS Rebound,,,,,2,1610612747,,,,,,0,0,,,,,,0,0,,,,,,0
0022400477,483,8,0,3,12:12 AM,3:39,SUB: Milton FOR Christie,,,,,4,1631108,Max Christie,1610612747.0,Los Angeles,Lakers,LAL,4,1629003,Shake Milton,1610612747.0,Los Angeles,Lakers,LAL,0,0,,,,,,0
0022400477,484,8,0,3,12:12 AM,3:39,SUB: Knecht FOR Hachimura,,,,,4,1629060,Rui Hachimura,1610612747.0,Los Angeles,Lakers,LAL,4,1642261,Dalton Knecht,1610612747.0,Los Angeles,Lakers,LAL,0,0,,,,,,0
0022400477,485,8,0,3,12:12 AM,3:39,,,SUB: Johnson FOR Daniels,,,5,1630700,Dyson Daniels,1610612737.0,Atlanta,Hawks,ATL,5,1630552,Jalen Johnson,1610612737.0,Atlanta,Hawks,ATL,0,0,,,,,,0
0022400477,486,8,0,3,12:12 AM,3:39,,,SUB: Young FOR Risacher,,,5,1642258,Zaccharie Risacher,1610612737.0,Atlanta,Hawks,ATL,5,1629027,Trae Young,1610612737.0,Atlanta,Hawks,ATL,0,0,,,,,,0
0022400477,491,3,12,3,12:13 AM,3:39,Reaves Free Throw 2 of 2 (13 PTS),,,80 - 86,6,4,1630559,Austin Reaves,1610612747.0,Los Angeles,Lakers,LAL,0,0,,,,,,0,0,,,,,,1
0022400477,492,6,1,3,12:13 AM,3:34,Finney-Smith P.FOUL (P4.PN) (T.Maddox),,,,,4,1627827,Dorian Finney-Smith,1610612747.0,Los Angeles,Lakers,LAL,5,1629027,Trae Young,1610612737.0,Atlanta,Hawks,ATL,1,0,,,,,,1
0022400477,494,3,11,3,12:13 AM,3:34,,,Young Free Throw 1 of 2 (21 PTS),81 - 86,5,5,1629027,Trae Young,1610612737.0,Atlanta,Hawks,ATL,0,0,,,,,,0,0,,,,,,1
0022400477,495,3,12,3,12:13 AM,3:34,,,MISS Young Free Throw 2 of 2,,,5,1629027,Trae Young,1610612737.0,Atlanta,Hawks,ATL,0,0,,,,,,0,0,,,,,,1
0022400477,496,4,0,3,12:13 AM,3:32,Knecht REBOUND (Off:1 Def:2),,,,,4,1642261,Dalton Knecht,1610612747.0,Los Angeles,Lakers,LAL,0,0,,,,,,0,0,,,,,,1
0022400477,497,6,2,3,12:14 AM,3:16,,,Hunter S.FOUL (P4.PN) (T.Maddox),,,5,1629631,De'Andre Hunter,1610612737.0,Atlanta,Hawks,ATL,4,1630559,Austin Reaves,1610612747.0,Los Angeles,Lakers,LAL,1,0,,,,,,1
0022400477,499,3,11,3,12:14 AM,3:16,Reaves Free Throw 1 of 2 (14 PTS),,,81 - 87,6,4,1630559,Austin Reaves,1610612747.0,Los Angeles,Lakers,LAL,0,0,,,,,,0,0,,,,,,1
0022400477,500,3,12,3,12:15 AM,3:16,Reaves Free Throw 2 of 2 (15 PTS),,,81 - 88,7,4,1630559,Austin Reaves,1610612747.0,Los Angeles,Lakers,LAL,0,0,,,,,,0,0,,,,,,1
0022400477,501,1,6,3,12:15 AM,3:05,,,Young 2' Driving Layup (23 PTS),83 - 88,5,5,1629027,Trae Young,1610612737.0,Atlanta,Hawks,ATL,0,0,,,,,,0,0,,,,,,1
0022400477,502,2,98,3,12:15 AM,2:43,MISS Knecht 5' Cutting Layup Shot,,Johnson BLOCK (1 BLK),,,4,1642261,Dalton Knecht,1610612747.0,Los Angeles,Lakers,LAL,0,0,,,,,,5,1630552,Jalen Johnson,1610612737.0,Atlanta,Hawks,ATL,1
0022400477,504,4,0,3,12:15 AM,2:40,,,Johnson REBOUND (Off:1 Def:4),,,5,1630552,Jalen Johnson,1610612737.0,Atlanta,Hawks,ATL,0,0,,,,,,0,0,,,,,,1
0022400477,505,2,86,3,12:15 AM,2:31,,,MISS Johnson 14' Turnaround Fadeaway Shot,,,5,1630552,Jalen Johnson,1610612737.0,Atlanta,Hawks,ATL,0,0,,,,,,0,0,,,,,,1
0022400477,506,4,0,3,12:16 AM,2:28,Reaves REBOUND (Off:3 Def:3),,,,,4,1630559,Austin Reaves,1610612747.0,Los Angeles,Lakers,LAL,0,0,,,,,,0,0,,,,,,1
0022400477,507,2,79,3,12:16 AM,2:10,MISS Reaves 19' Pullup Jump Shot,,,,,4,1630559,Austin Reaves,1610612747.0,Los Angeles,Lakers,LAL,0,0,,,,,,0,0,,,,,,1
0022400477,508,4,0,3,12:16 AM,2:06,,,Johnson REBOUND (Off:1 Def:5),,,5,1630552,Jalen Johnson,1610612737.0,Atlanta,Hawks,ATL,0,0,,,,,,0,0,,,,,,1
0022400477,509,5,1,3,12:16 AM,2:03,Davis STEAL (3 STL),,Johnson Bad Pass Turnover (P2.T5),,,5,1630552,Jalen Johnson,1610612737.0,Atlanta,Hawks,ATL,4,203076,Anthony Davis,1610612747.0,Los Angeles,Lakers,LAL,0,0,,,,,,1
0022400477,511,1,2,3,12:16 AM,1:58,Finney-Smith 3PT Running Jump Shot (3 PTS) (Milton 4 AST),,,83 - 91,8,4,1627827,Dorian Finney-Smith,1610612747.0,Los Angeles,Lakers,LAL,4,1629003,Shake Milton,1610612747.0,Los Angeles,Lakers,LAL,0,0,,,,,,1
0022400477,513,9,1,3,12:16 AM,1:57,,,Hawks Timeout: Regular (Reg.2 Short 0),,,3,1610612737,,,,,,0,0,,,,,,0,0,,,,,,0
0022400477,514,8,0,3,12:19 AM,1:57,SUB: L. James FOR Reaves,,,,,4,1630559,Austin Reaves,1610612747.0,Los Angeles,Lakers,LAL,4,2544,LeBron James,1610612747.0,Los Angeles,Lakers,LAL,0,0,,,,,,0
0022400477,516,2,1,3,12:19 AM,1:47,,,MISS Bogdanovic 26' 3PT Jump Shot,,,5,203992,Bogdan Bogdanović,1610612737.0,Atlanta,Hawks,ATL,0,0,,,,,,0,0,,,,,,1
0022400477,517,4,0,3,12:19 AM,1:43,,,Okongwu REBOUND (Off:6 Def:2),,,5,1630168,Onyeka Okongwu,1610612737.0,Atlanta,Hawks,ATL,0,0,,,,,,0,0,,,,,,1
0022400477,518,2,1,3,12:19 AM,1:39,,,MISS Hunter 26' 3PT Jump Shot,,,5,1629631,De'Andre Hunter,1610612737.0,Atlanta,Hawks,ATL,0,0,,,,,,0,0,,,,,,1
0022400477,519,4,0,3,12:19 AM,1:37,Davis REBOUND (Off:4 Def:12),,,,,4,203076,Anthony Davis,1610612747.0,Los Angeles,Lakers,LAL,0,0,,,,,,0,0,,,,,,1
0022400477,520,1,79,3,12:19 AM,1:27,L. James 21' Pullup Jump Shot (21 PTS),,,83 - 93,10,4,2544,LeBron James,1610612747.0,Los Angeles,Lakers,LAL,0,0,,,,,,0,0,,,,,,1
0022400477,521,1,108,3,12:20 AM,1:16,,,Okongwu 2' Cutting Dunk Shot (12 PTS) (Young 8 AST),85 - 93,8,5,1630168,Onyeka Okongwu,1610612737.0,Atlanta,Hawks,ATL,5,1629027,Trae Young,1610612737.0,Atlanta,Hawks,ATL,0,0,,,,,,1
0022400477,523,6,4,3,12:20 AM,0:55,Davis OFF.Foul (P2) (E.Malloy),,,,,4,203076,Anthony Davis,1610612747.0,Los Angeles,Lakers,LAL,5,1629631,De'Andre Hunter,1610612737.0,Atlanta,Hawks,ATL,1,0,,,,,,1
0022400477,525,5,37,3,12:20 AM,0:55,Davis Offensive Foul Turnover (P4.T16),,,,,4,203076,Anthony Davis,1610612747.0,Los Angeles,Lakers,LAL,0,0,,,,,,1,0,,,,,,1
0022400477,526,6,1,3,12:21 AM,0:44,Knecht P.FOUL (P2.PN) (M.Smith),,,,,4,1642261,Dalton Knecht,1610612747.0,Los Angeles,Lakers,LAL,5,1629631,De'Andre Hunter,1610612737.0,Atlanta,Hawks,ATL,1,0,,,,,,1
0022400477,528,3,11,3,12:21 AM,0:44,,,MISS Hunter Free Throw 1 of 2,,,5,1629631,De'Andre Hunter,1610612737.0,Atlanta,Hawks,ATL,0,0,,,,,,0,0,,,,,,1
0022400477,529,4,1,3,12:21 AM,0:44,,,Hawks Rebound,,,3,1610612737,,,,,,0,0,,,,,,0,0,,,,,,1
0022400477,530,3,12,3,12:21 AM,0:44,,,Hunter Free Throw 2 of 2 (3 PTS),86 - 93,7,5,1629631,De'Andre Hunter,1610612737.0,Atlanta,Hawks,ATL,0,0,,,,,,0,0,,,,,,1
0022400477,531,1,1,3,12:22 AM,0:25,Finney-Smith 3PT Jump Shot (6 PTS) (Knecht 1 AST),,,86 - 96,10,4,1627827,Dorian Finney-Smith,1610612747.0,Los Angeles,Lakers,LAL,4,1642261,Dalton Knecht,1610612747.0,Los Angeles,Lakers,LAL,0,0,,,,,,1
0022400477,533,5,1,3,12:22 AM,0:05,Knecht STEAL (1 STL),,Young Bad Pass Turnover (P3.T6),,,5,1629027,Trae Young,1610612737.0,Atlanta,Hawks,ATL,4,1642261,Dalton Knecht,1610612747.0,Los Angeles,Lakers,LAL,0,0,,,,,,1
0022400477,535,2,6,3,12:22 AM,0:01,MISS Knecht 3' Driving Layup,,,,,4,1642261,Dalton Knecht,1610612747.0,Los Angeles,Lakers,LAL,0,0,,,,,,0,0,,,,,,1
0022400477,536,4,0,3,12:22 AM,0:00,Finney-Smith REBOUND (Off:2 Def:1),,,,,4,1627827,Dorian Finney-Smith,1610612747.0,Los Angeles,Lakers,LAL,0,0,,,,,,0,0,,,,,,1
0022400477,537,2,97,3,12:22 AM,0:00,MISS Finney-Smith Tip Layup Shot,,,,,4,1627827,Dorian Finney-Smith,1610612747.0,Los Angeles,Lakers,LAL,0,0,,,,,,0,0,,,,,,1
0022400477,538,4,0,3,12:22 AM,0:00,LAKERS Rebound,,,,,2,1610612747,,,,,,0,0,,,,,,0,0,,,,,,0
0022400477,539,13,0,3,12:22 AM,0:00,,End of 3rd Period (12:22 AM EST),,86 - 96,10,0,0,,,,,,0,0,,,,,,0,0,,,,,,1
0022400477,552,12,0,4,12:25 AM,12:00,,Start of 4th Period (12:25 AM EST),,86 - 96,10,0,0,,,,,,0,0,,,,,,0,0,,,,,,0
0022400477,553,1,101,4,12:25 AM,11:39,Reaves 12' Driving Floating Jump Shot (17 PTS) (L. James 8 AST),,,86 - 98,12,4,1630559,Austin Reaves,1610612747.0,Los Angeles,Lakers,LAL,4,2544,LeBron James,1610612747.0,Los Angeles,Lakers,LAL,0,0,,,,,,1
0022400477,554,2,79,4,12:26 AM,11:15,,,MISS Young 25' 3PT Pullup Jump Shot,,,5,1629027,Trae Young,1610612737.0,Atlanta,Hawks,ATL,0,0,,,,,,0,0,,,,,,1
0022400477,555,4,0,4,12:26 AM,11:12,L. James REBOUND (Off:0 Def:2),,,,,4,2544,LeBron James,1610612747.0,Los Angeles,Lakers,LAL,0,0,,,,,,0,0,,,,,,1
0022400477,556,2,1,4,12:26 AM,11:06,MISS Reddish 25' 3PT Jump Shot,,,,,4,1629629,Cam Reddish,1610612747.0,Los Angeles,Lakers,LAL,0,0,,,,,,0,0,,,,,,1
0022400477,557,4,0,4,12:26 AM,11:03,,,Okongwu REBOUND (Off:6 Def:3),,,5,1630168,Onyeka Okongwu,1610612737.0,Atlanta,Hawks,ATL,0,0,,,,,,0,0,,,,,,1
0022400477,558,2,1,4,12:26 AM,10:57,,,MISS Mathews 27' 3PT Jump Shot,,,5,1629726,Garrison Mathews,1610612737.0,Atlanta,Hawks,ATL,0,0,,,,,,0,0,,,,,,1
0022400477,559,4,0,4,12:26 AM,10:54,Finney-Smith REBOUND (Off:2 Def:2),,,,,4,1627827,Dorian Finney-Smith,1610612747.0,Los Angeles,Lakers,LAL,0,0,,,,,,0,0,,,,,,1
0022400477,561,2,1,4,12:26 AM,10:37,MISS Reaves 27' 3PT Jump Shot,,,,,4,1630559,Austin Reaves,1610612747.0,Los Angeles,Lakers,LAL,0,0,,,,,,0,0,,,,,,1
0022400477,562,4,0,4,12:26 AM,10:36,LAKERS Rebound,,,,,2,1610612747,,,,,,0,0,,,,,,0,0,,,,,,0
0022400477,563,6,3,4,12:27 AM,10:36,,,Okongwu L.B.FOUL (P4.T1) (M.Smith),,,5,1630168,Onyeka Okongwu,1610612737.0,Atlanta,Hawks,ATL,4,1629637,Jaxson Hayes,1610612747.0,Los Angeles,Lakers,LAL,1,0,,,,,,1
0022400477,565,2,1,4,12:27 AM,10:29,MISS Reaves 26' 3PT Jump Shot,,,,,4,1630559,Austin Reaves,1610612747.0,Los Angeles,Lakers,LAL,0,0,,,,,,0,0,,,,,,1
0022400477,566,4,0,4,12:27 AM,10:25,,,Okongwu REBOUND (Off:6 Def:4),,,5,1630168,Onyeka Okongwu,1610612737.0,Atlanta,Hawks,ATL,0,0,,,,,,0,0,,,,,,1
0022400477,568,2,6,4,12:27 AM,10:17,,,MISS Young 18' Driving Layup,,,5,1629027,Trae Young,1610612737.0,Atlanta,Hawks,ATL,0,0,,,,,,0,0,,,,,,1
0022400477,569,4,0,4,12:27 AM,10:17,LAKERS Rebound,,,,,2,1610612747,,,,,,0,0,,,,,,0,0,,,,,,1
0022400477,571,2,63,4,12:28 AM,9:52,MISS L. James 10' Fadeaway Jumper,,,,,4,2544,LeBron James,1610612747.0,Los Angeles,Lakers,LAL,0,0,,,,,,0,0,,,,,,1
0022400477,572,4,0,4,12:28 AM,9:50,,,Johnson REBOUND (Off:1 Def:6),,,5,1630552,Jalen Johnson,1610612737.0,Atlanta,Hawks,ATL,0,0,,,,,,0,0,,,,,,1
0022400477,574,5,40,4,12:28 AM,9:41,,,Risacher Out of Bounds Lost Ball Turnover (P1.T7),,,5,1642258,Zaccharie Risacher,1610612737.0,Atlanta,Hawks,ATL,0,0,,,,,,1,0,,,,,,1
0022400477,575,5,1,4,12:29 AM,9:28,L. James Bad Pass Turnover (P3.T17),,Risacher STEAL (1 STL),,,4,2544,LeBron James,1610612747.0,Los Angeles,Lakers,LAL,5,1642258,Zaccharie Risacher,1610612737.0,Atlanta,Hawks,ATL,0,0,,,,,,1
0022400477,577,2,1,4,12:29 AM,9:18,,,MISS Mathews 26' 3PT Jump Shot,,,5,1629726,Garrison Mathews,1610612737.0,Atlanta,Hawks,ATL,0,0,,,,,,0,0,,,,,,1
0022400477,579,4,0,4,12:29 AM,9:13,,,Johnson REBOUND (Off:2 Def:6),,,5,1630552,Jalen Johnson,1610612737.0,Atlanta,Hawks,ATL,0,0,,,,,,0,0,,,,,,1
0022400477,580,1,107,4,12:29 AM,9:13,,,Johnson Tip Dunk Shot (19 PTS),88 - 98,10,5,1630552,Jalen Johnson,1610612737.0,Atlanta,Hawks,ATL,0,0,,,,,,0,0,,,,,,1
0022400477,581,2,1,4,12:29 AM,8:53,MISS Finney-Smith 24' 3PT Jump Shot,,Mathews BLOCK (1 BLK),,,4,1627827,Dorian Finney-Smith,1610612747.0,Los Angeles,Lakers,LAL,0,0,,,,,,5,1629726,Garrison Mathews,1610612737.0,Atlanta,Hawks,ATL,1
0022400477,583,4,0,4,12:29 AM,8:50,Finney-Smith REBOUND (Off:3 Def:2),,,,,4,1627827,Dorian Finney-Smith,1610612747.0,Los Angeles,Lakers,LAL,0,0,,,,,,0,0,,,,,,1
0022400477,584,1,73,4,12:29 AM,8:47,Finney-Smith 3' Driving Reverse Layup (8 PTS),,,88 - 100,12,4,1627827,Dorian Finney-Smith,1610612747.0,Los Angeles,Lakers,LAL,0,0,,,,,,0,0,,,,,,1
0022400477,585,1,79,4,12:29 AM,8:41,,,Young 5' Pullup Jump Shot (25 PTS) (Okongwu 2 AST),90 - 100,10,5,1629027,Trae Young,1610612737.0,Atlanta,Hawks,ATL,5,1630168,Onyeka Okongwu,1610612737.0,Atlanta,Hawks,ATL,0,0,,,,,,1
0022400477,587,6,2,4,12:30 AM,8:41,Finney-Smith S.FOUL (P5.T1) (T.Maddox),,,,,4,1627827,Dorian Finney-Smith,1610612747.0,Los Angeles,Lakers,LAL,5,1629027,Trae Young,1610612737.0,Atlanta,Hawks,ATL,1,0,,,,,,1
0022400477,589,8,0,4,12:30 AM,8:41,SUB: Christie FOR Finney-Smith,,,,,4,1627827,Dorian Finney-Smith,1610612747.0,Los Angeles,Lakers,LAL,4,1631108,Max Christie,1610612747.0,Los Angeles,Lakers,LAL,0,0,,,,,,0
0022400477,590,8,0,4,12:30 AM,8:41,SUB: Davis FOR Hayes,,,,,4,1629637,Jaxson Hayes,1610612747.0,Los Angeles,Lakers,LAL,4,203076,Anthony Davis,1610612747.0,Los Angeles,Lakers,LAL,0,0,,,,,,0
0022400477,591,8,0,4,12:30 AM,8:41,,,SUB: Bogdanovic FOR Risacher,,,5,1642258,Zaccharie Risacher,1610612737.0,Atlanta,Hawks,ATL,5,203992,Bogdan Bogdanović,1610612737.0,Atlanta,Hawks,ATL,0,0,,,,,,0
0022400477,595,3,10,4,12:30 AM,8:41,,,Young Free Throw 1 of 1 (26 PTS),91 - 100,9,5,1629027,Trae Young,1610612737.0,Atlanta,Hawks,ATL,0,0,,,,,,0,0,,,,,,1
0022400477,596,2,79,4,12:31 AM,8:20,MISS L. James 25' 3PT Pullup Jump Shot,,,,,4,2544,LeBron James,1610612747.0,Los Angeles,Lakers,LAL,0,0,,,,,,0,0,,,,,,1
0022400477,597,4,0,4,12:31 AM,8:17,,,Bogdanovic REBOUND (Off:0 Def:2),,,5,203992,Bogdan Bogdanović,1610612737.0,Atlanta,Hawks,ATL,0,0,,,,,,0,0,,,,,,1
0022400477,598,6,26,4,12:31 AM,8:15,,,Johnson Offensive Charge Foul (P2) (E.Malloy),,,5,1630552,Jalen Johnson,1610612737.0,Atlanta,Hawks,ATL,4,1630559,Austin Reaves,1610612747.0,Los Angeles,Lakers,LAL,1,0,,,,,,1
0022400477,600,5,37,4,12:31 AM,8:15,,,Johnson Offensive Foul Turnover (P3.T8),,,5,1630552,Jalen Johnson,1610612737.0,Atlanta,Hawks,ATL,0,0,,,,,,1,0,,,,,,1
0022400477,601,2,101,4,12:31 AM,7:54,MISS L. James 6' Driving Floating Jump Shot,,,,,4,2544,LeBron James,1610612747.0,Los Angeles,Lakers,LAL,0,0,,,,,,0,0,,,,,,1
0022400477,602,4,0,4,12:31 AM,7:50,Reddish REBOUND (Off:1 Def:0),,,,,4,1629629,Cam Reddish,1610612747.0,Los Angeles,Lakers,LAL,0,0,,,,,,0,0,,,,,,1
0022400477,603,1,44,4,12:32 AM,7:45,L. James 3' Reverse Layup (23 PTS) (Reddish 1 AST),,,91 - 102,11,4,2544,LeBron James,1610612747.0,Los Angeles,Lakers,LAL,4,1629629,Cam Reddish,1610612747.0,Los Angeles,Lakers,LAL,0,0,,,,,,1
0022400477,605,9,1,4,12:32 AM,7:45,,,Hawks Timeout: Regular (Reg.3 Short 0),,,3,1610612737,,,,,,0,0,,,,,,0,0,,,,,,0
0022400477,606,8,0,4,12:34 AM,7:45,,,SUB: Daniels FOR Johnson,,,5,1630552,Jalen Johnson,1610612737.0,Atlanta,Hawks,ATL,5,1630700,Dyson Daniels,1610612737.0,Atlanta,Hawks,ATL,0,0,,,,,,0
0022400477,607,8,0,4,12:34 AM,7:45,,,SUB: Hunter FOR Mathews,,,5,1629726,Garrison Mathews,1610612737.0,Atlanta,Hawks,ATL,5,1629631,De'Andre Hunter,1610612737.0,Atlanta,Hawks,ATL,0,0,,,,,,0
0022400477,610,1,7,4,12:35 AM,7:33,,,Okongwu 2' Dunk (14 PTS) (Bogdanovic 3 AST),93 - 102,9,5,1630168,Onyeka Okongwu,1610612737.0,Atlanta,Hawks,ATL,5,203992,Bogdan Bogdanović,1610612737.0,Atlanta,Hawks,ATL,0,0,,,,,,1
0022400477,612,1,79,4,12:35 AM,7:14,L. James 28' 3PT Pullup Jump Shot (26 PTS) (Davis 3 AST),,,93 - 105,12,4,2544,LeBron James,1610612747.0,Los Angeles,Lakers,LAL,4,203076,Anthony Davis,1610612747.0,Los Angeles,Lakers,LAL,0,0,,,,,,1
0022400477,614,2,1,4,12:35 AM,7:03,,,MISS Bogdanovic 26' 3PT Jump Shot,,,5,203992,Bogdan Bogdanović,1610612737.0,Atlanta,Hawks,ATL,0,0,,,,,,0,0,,,,,,1
0022400477,615,4,0,4,12:35 AM,6:57,,,Okongwu REBOUND (Off:7 Def:4),,,5,1630168,Onyeka Okongwu,1610612737.0,Atlanta,Hawks,ATL,0,0,,,,,,0,0,,,,,,1
0022400477,616,2,97,4,12:35 AM,6:57,,,MISS Okongwu Tip Layup Shot,,,5,1630168,Onyeka Okongwu,1610612737.0,Atlanta,Hawks,ATL,0,0,,,,,,0,0,,,,,,1
0022400477,617,4,0,4,12:35 AM,6:56,L. James REBOUND (Off:0 Def:3),,,,,4,2544,LeBron James,1610612747.0,Los Angeles,Lakers,LAL,0,0,,,,,,0,0,,,,,,1
0022400477,618,2,103,4,12:35 AM,6:54,MISS L. James 27' 3PT Running Pull-Up Jump Shot,,,,,4,2544,LeBron James,1610612747.0,Los Angeles,Lakers,LAL,0,0,,,,,,0,0,,,,,,1
0022400477,619,4,0,4,12:35 AM,6:50,Reaves REBOUND (Off:4 Def:3),,,,,4,1630559,Austin Reaves,1610612747.0,Los Angeles,Lakers,LAL,0,0,,,,,,0,0,,,,,,1
0022400477,620,1,86,4,12:36 AM,6:38,L. James 15' Turnaround Fadeaway (28 PTS),,,93 - 107,14,4,2544,LeBron James,1610612747.0,Los Angeles,Lakers,LAL,0,0,,,,,,0,0,,,,,,1
0022400477,621,1,80,4,12:36 AM,6:24,,,Young 25' 3PT Step Back Jump Shot (29 PTS),96 - 107,11,5,1629027,Trae Young,1610612737.0,Atlanta,Hawks,ATL,0,0,,,,,,0,0,,,,,,1
0022400477,622,1,86,4,12:36 AM,5:58,L. James 18' Turnaround Fadeaway (30 PTS),,,96 - 109,13,4,2544,LeBron James,1610612747.0,Los Angeles,Lakers,LAL,0,0,,,,,,0,0,,,,,,1
0022400477,623,9,1,4,12:36 AM,5:58,,,Hawks Timeout: Regular (Reg.4 Short 0),,,3,1610612737,,,,,,0,0,,,,,,0,0,,,,,,0
0022400477,624,8,0,4,12:39 AM,5:58,SUB: Hachimura FOR Reddish,,,,,4,1629629,Cam Reddish,1610612747.0,Los Angeles,Lakers,LAL,4,1629060,Rui Hachimura,1610612747.0,Los Angeles,Lakers,LAL,0,0,,,,,,0
0022400477,625,8,0,4,12:39 AM,5:58,,,SUB: Capela FOR Okongwu,,,5,1630168,Onyeka Okongwu,1610612737.0,Atlanta,Hawks,ATL,5,203991,Clint Capela,1610612737.0,Atlanta,Hawks,ATL,0,0,,,,,,0
0022400477,628,2,80,4,12:39 AM,5:46,,,MISS Young 24' 3PT Step Back Jump Shot,,,5,1629027,Trae Young,1610612737.0,Atlanta,Hawks,ATL,0,0,,,,,,0,0,,,,,,1
0022400477,629,4,0,4,12:40 AM,5:44,Davis REBOUND (Off:4 Def:13),,,,,4,203076,Anthony Davis,1610612747.0,Los Angeles,Lakers,LAL,0,0,,,,,,0,0,,,,,,1
0022400477,630,2,86,4,12:40 AM,5:30,MISS L. James 17' Turnaround Fadeaway Shot,,,,,4,2544,LeBron James,1610612747.0,Los Angeles,Lakers,LAL,0,0,,,,,,0,0,,,,,,1
0022400477,631,4,0,4,12:40 AM,5:27,,,Hunter REBOUND (Off:1 Def:2),,,5,1629631,De'Andre Hunter,1610612737.0,Atlanta,Hawks,ATL,0,0,,,,,,0,0,,,,,,1
0022400477,632,1,108,4,12:40 AM,5:19,,,Capela 2' Cutting Dunk Shot (8 PTS) (Young 9 AST),98 - 109,11,5,203991,Clint Capela,1610612737.0,Atlanta,Hawks,ATL,5,1629027,Trae Young,1610612737.0,Atlanta,Hawks,ATL,0,0,,,,,,1
0022400477,634,2,86,4,12:40 AM,4:51,MISS Davis 9' Turnaround Fadeaway Shot,,,,,4,203076,Anthony Davis,1610612747.0,Los Angeles,Lakers,LAL,0,0,,,,,,0,0,,,,,,1
0022400477,635,4,0,4,12:40 AM,4:49,Hachimura REBOUND (Off:3 Def:5),,,,,4,1629060,Rui Hachimura,1610612747.0,Los Angeles,Lakers,LAL,0,0,,,,,,0,0,,,,,,1
0022400477,636,2,1,4,12:40 AM,4:47,MISS Christie 28' 3PT Jump Shot,,,,,4,1631108,Max Christie,1610612747.0,Los Angeles,Lakers,LAL,0,0,,,,,,0,0,,,,,,1
0022400477,637,4,0,4,12:40 AM,4:47,LAKERS Rebound,,,,,2,1610612747,,,,,,0,0,,,,,,0,0,,,,,,0
0022400477,638,6,3,4,12:41 AM,4:47,,,Capela L.B.FOUL (P4.T2) (T.Maddox),,,5,203991,Clint Capela,1610612737.0,Atlanta,Hawks,ATL,4,203076,Anthony Davis,1610612747.0,Los Angeles,Lakers,LAL,1,0,,,,,,1
0022400477,640,8,0,4,12:41 AM,4:47,SUB: Finney-Smith FOR L. James,,,,,4,2544,LeBron James,1610612747.0,Los Angeles,Lakers,LAL,4,1627827,Dorian Finney-Smith,1610612747.0,Los Angeles,Lakers,LAL,0,0,,,,,,0
0022400477,641,8,0,4,12:41 AM,4:47,,,SUB: Johnson FOR Bogdanovic,,,5,203992,Bogdan Bogdanović,1610612737.0,Atlanta,Hawks,ATL,5,1630552,Jalen Johnson,1610612737.0,Atlanta,Hawks,ATL,0,0,,,,,,0
0022400477,645,1,1,4,12:41 AM,4:34,Hachimura 3PT Jump Shot (13 PTS) (Christie 2 AST),,,98 - 112,14,4,1629060,Rui Hachimura,1610612747.0,Los Angeles,Lakers,LAL,4,1631108,Max Christie,1610612747.0,Los Angeles,Lakers,LAL,0,0,,,,,,1
0022400477,647,2,1,4,12:41 AM,4:22,,,MISS Hunter 26' 3PT Jump Shot,,,5,1629631,De'Andre Hunter,1610612737.0,Atlanta,Hawks,ATL,0,0,,,,,,0,0,,,,,,1
0022400477,648,4,0,4,12:41 AM,4:20,LAKERS Rebound,,,,,2,1610612747,,,,,,0,0,,,,,,0,0,,,,,,0
0022400477,650,1,79,4,12:42 AM,4:00,Reaves 27' 3PT Pullup Jump Shot (20 PTS) (Davis 4 AST),,,98 - 115,17,4,1630559,Austin Reaves,1610612747.0,Los Angeles,Lakers,LAL,4,203076,Anthony Davis,1610612747.0,Los Angeles,Lakers,LAL,0,0,,,,,,1
0022400477,652,6,2,4,12:42 AM,3:50,Christie S.FOUL (P3.T2) (T.Maddox),,,,,4,1631108,Max Christie,1610612747.0,Los Angeles,Lakers,LAL,5,1629027,Trae Young,1610612737.0,Atlanta,Hawks,ATL,1,0,,,,,,1
0022400477,654,3,13,4,12:43 AM,3:50,,,Young Free Throw 1 of 3 (30 PTS),99 - 115,16,5,1629027,Trae Young,1610612737.0,Atlanta,Hawks,ATL,0,0,,,,,,0,0,,,,,,1
0022400477,655,3,14,4,12:43 AM,3:50,,,MISS Young Free Throw 2 of 3,,,5,1629027,Trae Young,1610612737.0,Atlanta,Hawks,ATL,0,0,,,,,,0,0,,,,,,1
0022400477,656,4,1,4,12:43 AM,3:50,,,Hawks Rebound,,,3,1610612737,,,,,,0,0,,,,,,0,0,,,,,,0
0022400477,657,3,15,4,12:43 AM,3:50,,,Young Free Throw 3 of 3 (31 PTS),100 - 115,15,5,1629027,Trae Young,1610612737.0,Atlanta,Hawks,ATL,0,0,,,,,,0,0,,,,,,1
0022400477,658,6,1,4,12:44 AM,3:34,,,Young P.FOUL (P1.T3) (M.Smith),,,5,1629027,Trae Young,1610612737.0,Atlanta,Hawks,ATL,4,1631108,Max Christie,1610612747.0,Los Angeles,Lakers,LAL,1,0,,,,,,1
0022400477,660,7,1,4,12:44 AM,3:34,,,Hawks Violation: Delay of game Violation,,,3,1610612737,,,,,,0,0,,,,,,1,0,,,,,,0
0022400477,661,2,79,4,12:44 AM,3:25,MISS Reaves 15' Pullup Jump Shot,,,,,4,1630559,Austin Reaves,1610612747.0,Los Angeles,Lakers,LAL,0,0,,,,,,0,0,,,,,,1
0022400477,662,4,0,4,12:44 AM,3:22,,,Capela REBOUND (Off:3 Def:3),,,5,203991,Clint Capela,1610612737.0,Atlanta,Hawks,ATL,0,0,,,,,,0,0,,,,,,1
0022400477,663,2,3,4,12:45 AM,3:00,,,MISS Capela 10' Hook Shot,,,5,203991,Clint Capela,1610612737.0,Atlanta,Hawks,ATL,0,0,,,,,,0,0,,,,,,1
0022400477,664,4,0,4,12:45 AM,2:58,Davis REBOUND (Off:4 Def:14),,,,,4,203076,Anthony Davis,1610612747.0,Los Angeles,Lakers,LAL,0,0,,,,,,0,0,,,,,,1
0022400477,665,1,75,4,12:45 AM,2:40,Christie 5' Driving Finger Roll Layup (9 PTS),,,100 - 117,17,4,1631108,Max Christie,1610612747.0,Los Angeles,Lakers,LAL,0,0,,,,,,0,0,,,,,,1
0022400477,666,6,2,4,12:45 AM,2:40,,,Capela S.FOUL (P5.T4) (M.Smith),,,5,203991,Clint Capela,1610612737.0,Atlanta,Hawks,ATL,4,1631108,Max Christie,1610612747.0,Los Angeles,Lakers,LAL,1,0,,,,,,1
0022400477,668,3,10,4,12:45 AM,2:40,MISS Christie Free Throw 1 of 1,,,,,4,1631108,Max Christie,1610612747.0,Los Angeles,Lakers,LAL,0,0,,,,,,0,0,,,,,,1
0022400477,669,4,0,4,12:46 AM,2:35,,,Capela REBOUND (Off:3 Def:4),,,5,203991,Clint Capela,1610612737.0,Atlanta,Hawks,ATL,0,0,,,,,,0,0,,,,,,1
0022400477,671,6,1,4,12:46 AM,2:26,Christie P.FOUL (P4.T3) (M.Smith),,,,,4,1631108,Max Christie,1610612747.0,Los Angeles,Lakers,LAL,5,1629027,Trae Young,1610612737.0,Atlanta,Hawks,ATL,1,0,,,,,,1
0022400477,673,6,1,4,12:47 AM,2:13,Hachimura P.FOUL (P2.T4) (T.Maddox),,,,,4,1629060,Rui Hachimura,1610612747.0,Los Angeles,Lakers,LAL,5,203991,Clint Capela,1610612737.0,Atlanta,Hawks,ATL,1,0,,,,,,1
0022400477,675,2,73,4,12:47 AM,2:07,Christie BLOCK (1 BLK),,MISS Daniels 2' Driving Reverse Layup,,,5,1630700,Dyson Daniels,1610612737.0,Atlanta,Hawks,ATL,0,0,,,,,,4,1631108,Max Christie,1610612747.0,Los Angeles,Lakers,LAL,1
0022400477,677,4,0,4,12:47 AM,2:03,Davis REBOUND (Off:4 Def:15),,,,,4,203076,Anthony Davis,1610612747.0,Los Angeles,Lakers,LAL,0,0,,,,,,0,0,,,,,,1
0022400477,678,7,5,4,12:47 AM,1:54,,,Capela Violation:Kicked Ball (E.Malloy),,,5,203991,Clint Capela,1610612737.0,Atlanta,Hawks,ATL,0,0,,,,,,1,0,,,,,,0
0022400477,679,5,2,4,12:47 AM,1:47,Reaves Lost Ball Turnover (P6.T18),,Daniels STEAL (5 STL),,,4,1630559,Austin Reaves,1610612747.0,Los Angeles,Lakers,LAL,5,1630700,Dyson Daniels,1610612737.0,Atlanta,Hawks,ATL,0,0,,,,,,1
0022400477,681,1,41,4,12:47 AM,1:46,,,Young 2' Running Layup (33 PTS) (Daniels 4 AST),102 - 117,15,5,1629027,Trae Young,1610612737.0,Atlanta,Hawks,ATL,5,1630700,Dyson Daniels,1610612737.0,Atlanta,Hawks,ATL,0,0,,,,,,1
0022400477,682,9,1,4,12:48 AM,1:41,LAKERS Timeout: Regular (Full 6 Short 0),,,,,2,1610612747,,,,,,0,0,,,,,,0,0,,,,,,0
0022400477,684,8,0,4,12:49 AM,1:41,SUB: Knecht FOR Davis,,,,,4,203076,Anthony Davis,1610612747.0,Los Angeles,Lakers,LAL,4,1642261,Dalton Knecht,1610612747.0,Los Angeles,Lakers,LAL,0,0,,,,,,0
0022400477,685,8,0,4,12:49 AM,1:41,SUB: Reddish FOR Christie,,,,,4,1631108,Max Christie,1610612747.0,Los Angeles,Lakers,LAL,4,1629629,Cam Reddish,1610612747.0,Los Angeles,Lakers,LAL,0,0,,,,,,0
0022400477,686,8,0,4,12:49 AM,1:41,SUB: B. James FOR Reaves,,,,,4,1630559,Austin Reaves,1610612747.0,Los Angeles,Lakers,LAL,4,1642355,Bronny James,1610612747.0,Los Angeles,Lakers,LAL,0,0,,,,,,0
0022400477,687,8,0,4,12:49 AM,1:41,SUB: Hayes FOR Hachimura,,,,,4,1629060,Rui Hachimura,1610612747.0,Los Angeles,Lakers,LAL,4,1629637,Jaxson Hayes,1610612747.0,Los Angeles,Lakers,LAL,0,0,,,,,,0
0022400477,688,8,0,4,12:49 AM,1:41,SUB: Milton FOR Finney-Smith,,,,,4,1627827,Dorian Finney-Smith,1610612747.0,Los Angeles,Lakers,LAL,4,1629003,Shake Milton,1610612747.0,Los Angeles,Lakers,LAL,0,0,,,,,,0
0022400477,689,8,0,4,12:49 AM,1:41,,,SUB: Roddy FOR Young,,,5,1629027,Trae Young,1610612737.0,Atlanta,Hawks,ATL,5,1631223,David Roddy,1610612737.0,Atlanta,Hawks,ATL,0,0,,,,,,0
0022400477,690,8,0,4,12:49 AM,1:41,,,SUB: Barlow FOR Hunter,,,5,1629631,De'Andre Hunter,1610612737.0,Atlanta,Hawks,ATL,5,1631230,Dominick Barlow,1610612737.0,Atlanta,Hawks,ATL,0,0,,,,,,0
0022400477,691,8,0,4,12:49 AM,1:41,,,SUB: Risacher FOR Capela,,,5,203991,Clint Capela,1610612737.0,Atlanta,Hawks,ATL,5,1642258,Zaccharie Risacher,1610612737.0,Atlanta,Hawks,ATL,0,0,,,,,,0
0022400477,692,8,0,4,12:49 AM,1:41,,,SUB: Mathews FOR Johnson,,,5,1630552,Jalen Johnson,1610612737.0,Atlanta,Hawks,ATL,5,1629726,Garrison Mathews,1610612737.0,Atlanta,Hawks,ATL,0,0,,,,,,0
0022400477,702,2,1,4,12:50 AM,1:31,MISS Knecht 25' 3PT Jump Shot,,,,,4,1642261,Dalton Knecht,1610612747.0,Los Angeles,Lakers,LAL,0,0,,,,,,0,0,,,,,,1
0022400477,703,4,0,4,12:50 AM,1:28,,,Barlow REBOUND (Off:0 Def:1),,,5,1631230,Dominick Barlow,1610612737.0,Atlanta,Hawks,ATL,0,0,,,,,,0,0,,,,,,1
0022400477,704,2,41,4,12:50 AM,1:23,,,MISS Roddy 3' Running Layup,,,5,1631223,David Roddy,1610612737.0,Atlanta,Hawks,ATL,0,0,,,,,,0,0,,,,,,1
0022400477,705,4,0,4,12:50 AM,1:20,Milton REBOUND (Off:0 Def:3),,,,,4,1629003,Shake Milton,1610612747.0,Los Angeles,Lakers,LAL,0,0,,,,,,0,0,,,,,,1
0022400477,706,1,6,4,12:50 AM,1:11,Knecht 1' Driving Layup (13 PTS) (B. James 1 AST),,,102 - 119,17,4,1642261,Dalton Knecht,1610612747.0,Los Angeles,Lakers,LAL,4,1642355,Bronny James,1610612747.0,Los Angeles,Lakers,LAL,0,0,,,,,,1
0022400477,708,2,1,4,12:50 AM,1:03,,,MISS Mathews 26' 3PT Jump Shot,,,5,1629726,Garrison Mathews,1610612737.0,Atlanta,Hawks,ATL,0,0,,,,,,0,0,,,,,,1
0022400477,709,4,0,4,12:50 AM,0:58,Knecht REBOUND (Off:1 Def:3),,,,,4,1642261,Dalton Knecht,1610612747.0,Los Angeles,Lakers,LAL,0,0,,,,,,0,0,,,,,,1
0022400477,710,2,98,4,12:50 AM,0:39,MISS B. James 2' Cutting Layup Shot,,,,,4,1642355,Bronny James,1610612747.0,Los Angeles,Lakers,LAL,0,0,,,,,,0,0,,,,,,1
0022400477,711,4,0,4,12:50 AM,0:36,,,Roddy REBOUND (Off:0 Def:1),,,5,1631223,David Roddy,1610612737.0,Atlanta,Hawks,ATL,0,0,,,,,,0,0,,,,,,1
0022400477,712,2,1,4,12:51 AM,0:30,,,MISS Daniels 26' 3PT Jump Shot,,,5,1630700,Dyson Daniels,1610612737.0,Atlanta,Hawks,ATL,0,0,,,,,,0,0,,,,,,1
0022400477,713,4,0,4,12:51 AM,0:27,Milton REBOUND (Off:0 Def:4),,,,,4,1629003,Shake Milton,1610612747.0,Los Angeles,Lakers,LAL,0,0,,,,,,0,0,,,,,,1
0022400477,714,5,11,4,12:51 AM,0:05,LAKERS Turnover: Shot Clock (T#19),,,,,2,1610612747,,,,,,0,0,,,,,,0,0,,,,,,1
0022400477,715,13,0,4,12:51 AM,0:00,,End of 4th Period (12:51 AM EST),,102 - 119,17,0,0,,,,,,0,0,,,,,,0,0,,,,,,1
