GAME_ID,EVENTNUM,EVENTMSGTYPE,EVENTMSGACTIONTYPE,PERIOD,WCTIMESTRING,PCTIMESTRING,HOMEDESCRIPTION,NEUTRALDESCRIPTION,VISITORDESCRIPTION,SCORE,SCOREMARGIN,PERSON1TYPE,PLAYER1_ID,PLAYER1_NAME,PLAYER1_TEAM_ID,PLAYER1_TEAM_CITY,PLAYER1_TEAM_NICKNAME,PLAYER1_TEAM_ABBREVIATION,PERSON2TYPE,PLAYER2_ID,PLAYER2_NAME,PLAYER2_TEAM_ID,PLAYER2_TEAM_CITY,PLAYER2_TEAM_NICKNAME,PLAYER2_TEAM_ABBREVIATION,PERSON3TYPE,PLAYER3_ID,PLAYER3_NAME,PLAYER3_TEAM_ID,PLAYER3_TEAM_CITY,PLAYER3_TEAM_NICKNAME,PLAYER3_TEAM_ABBREVIATION,VIDEO_AVAILABLE_FLAG
0022400496,2,12,0,1,7:42 PM,12:00,,Start of 1st Period (7:42 PM EST),,,,0,0,,,,,,0,0,,,,,,0,0,,,,,,0
0022400496,4,10,0,1,7:42 PM,12:00,Jump Ball Sims vs. Bitadze: Tip to Hart,,,,,4,1630579,Jericho Sims,1610612752.0,New York,Knicks,NYK,5,1629048,Goga Bitadze,1610612753.0,Orlando,Magic,ORL,4,1628404,Josh Hart,1610612752.0,New York,Knicks,NYK,1
0022400496,7,6,1,1,7:43 PM,11:41,,,Bitadze P.FOUL (P1.T1) (B.Adair),,,5,1629048,Goga Bitadze,1610612753.0,Orlando,Magic,ORL,4,1628973,Jalen Brunson,1610612752.0,New York,Knicks,NYK,1,0,,,,,,1
0022400496,9,1,101,1,7:43 PM,11:34,Bridges 3' Driving Floating Jump Shot (2 PTS) (Sims 1 AST),,,0 - 2,2,4,1628969,Mikal Bridges,1610612752.0,New York,Knicks,NYK,4,1630579,Jericho Sims,1610612752.0,New York,Knicks,NYK,0,0,,,,,,1
0022400496,11,1,79,1,7:43 PM,11:17,,,Caldwell-Pope 20' Pullup Jump Shot (2 PTS) (Bitadze 1 AST),2 - 2,TIE,5,203484,Kentavious Caldwell-Pope,1610612753.0,Orlando,Magic,ORL,5,1629048,Goga Bitadze,1610612753.0,Orlando,Magic,ORL,0,0,,,,,,1
0022400496,13,1,98,1,7:44 PM,11:03,Bridges 2' Cutting Layup Shot (4 PTS) (Hart 1 AST),,,2 - 4,2,4,1628969,Mikal Bridges,1610612752.0,New York,Knicks,NYK,4,1628404,Josh Hart,1610612752.0,New York,Knicks,NYK,0,0,,,,,,1
0022400496,15,2,79,1,7:44 PM,10:34,,,MISS Anthony 14' Pullup Jump Shot,,,5,1630175,Cole Anthony,1610612753.0,Orlando,Magic,ORL,0,0,,,,,,0,0,,,,,,1
0022400496,16,4,0,1,7:44 PM,10:32,Hart REBOUND (Off:0 Def:1),,,,,4,1628404,Josh Hart,1610612752.0,New York,Knicks,NYK,0,0,,,,,,0,0,,,,,,1
0022400496,17,1,5,1,7:44 PM,10:25,Hart 1' Layup (2 PTS) (Brunson 1 AST),,,2 - 6,4,4,1628404,Josh Hart,1610612752.0,New York,Knicks,NYK,4,1628973,Jalen Brunson,1610612752.0,New York,Knicks,NYK,0,0,,,,,,1
0022400496,19,1,98,1,7:44 PM,10:12,,,da Silva 1' Cutting Layup Shot (2 PTS) (Bitadze 2 AST),4 - 6,2,5,1641783,Tristan da Silva,1610612753.0,Orlando,Magic,ORL,5,1629048,Goga Bitadze,1610612753.0,Orlando,Magic,ORL,0,0,,,,,,1
0022400496,21,2,86,1,7:45 PM,10:05,MISS Bridges 8' Turnaround Fadeaway Shot,,,,,4,1628969,Mikal Bridges,1610612752.0,New York,Knicks,NYK,0,0,,,,,,0,0,,,,,,1
0022400496,22,4,0,1,7:45 PM,10:03,Sims REBOUND (Off:1 Def:0),,,,,4,1630579,Jericho Sims,1610612752.0,New York,Knicks,NYK,0,0,,,,,,0,0,,,,,,1
0022400496,23,5,45,1,7:45 PM,9:57,Anunoby Out of Bounds - Bad Pass Turnover Turnover (P1.T1),,,,,4,1628384,OG Anunoby,1610612752.0,New York,Knicks,NYK,0,0,,,,,,1,0,,,,,,1
0022400496,24,2,1,1,7:45 PM,9:47,,,MISS Caldwell-Pope 25' 3PT Jump Shot,,,5,203484,Kentavious Caldwell-Pope,1610612753.0,Orlando,Magic,ORL,0,0,,,,,,0,0,,,,,,1
0022400496,25,4,0,1,7:45 PM,9:44,Bridges REBOUND (Off:0 Def:1),,,,,4,1628969,Mikal Bridges,1610612752.0,New York,Knicks,NYK,0,0,,,,,,0,0,,,,,,1
0022400496,26,2,47,1,7:45 PM,9:32,MISS Brunson 12' Turnaround Jump Shot,,,,,4,1628973,Jalen Brunson,1610612752.0,New York,Knicks,NYK,0,0,,,,,,0,0,,,,,,1
0022400496,27,4,0,1,7:45 PM,9:27,Anunoby REBOUND (Off:1 Def:0),,,,,4,1628384,OG Anunoby,1610612752.0,New York,Knicks,NYK,0,0,,,,,,0,0,,,,,,1
0022400496,29,2,79,1,7:46 PM,9:20,MISS Brunson 18' Pullup Jump Shot,,,,,4,1628973,Jalen Brunson,1610612752.0,New York,Knicks,NYK,0,0,,,,,,0,0,,,,,,1
0022400496,30,4,0,1,7:46 PM,9:18,,,Bitadze REBOUND (Off:0 Def:1),,,5,1629048,Goga Bitadze,1610612753.0,Orlando,Magic,ORL,0,0,,,,,,0,0,,,,,,1
0022400496,31,2,6,1,7:46 PM,9:06,,,MISS Anthony 4' Driving Layup,,,5,1630175,Cole Anthony,1610612753.0,Orlando,Magic,ORL,0,0,,,,,,0,0,,,,,,1
0022400496,32,4,0,1,7:46 PM,9:05,Hart REBOUND (Off:0 Def:2),,,,,4,1628404,Josh Hart,1610612752.0,New York,Knicks,NYK,0,0,,,,,,0,0,,,,,,1
0022400496,33,2,44,1,7:46 PM,8:53,MISS Sims 1' Reverse Layup,,,,,4,1630579,Jericho Sims,1610612752.0,New York,Knicks,NYK,0,0,,,,,,0,0,,,,,,1
0022400496,34,4,0,1,7:46 PM,8:52,Sims REBOUND (Off:2 Def:0),,,,,4,1630579,Jericho Sims,1610612752.0,New York,Knicks,NYK,0,0,,,,,,0,0,,,,,,1
0022400496,35,5,2,1,7:46 PM,8:49,Sims Lost Ball Turnover (P1.T2),,Anthony STEAL (1 STL),,,4,1630579,Jericho Sims,1610612752.0,New York,Knicks,NYK,5,1630175,Cole Anthony,1610612753.0,Orlando,Magic,ORL,0,0,,,,,,1
0022400496,37,2,2,1,7:46 PM,8:44,,,MISS Houstan 3PT Running Jump Shot,,,5,1631216,Caleb Houstan,1610612753.0,Orlando,Magic,ORL,0,0,,,,,,0,0,,,,,,1
0022400496,38,4,0,1,7:46 PM,8:43,Sims REBOUND (Off:2 Def:1),,,,,4,1630579,Jericho Sims,1610612752.0,New York,Knicks,NYK,0,0,,,,,,0,0,,,,,,1
0022400496,39,1,1,1,7:47 PM,8:32,Hart 25' 3PT Jump Shot (5 PTS) (Anunoby 1 AST),,,4 - 9,5,4,1628404,Josh Hart,1610612752.0,New York,Knicks,NYK,4,1628384,OG Anunoby,1610612752.0,New York,Knicks,NYK,0,0,,,,,,1
0022400496,41,2,9,1,7:47 PM,8:11,Sims BLOCK (1 BLK),,MISS da Silva 1' Driving Dunk,,,5,1641783,Tristan da Silva,1610612753.0,Orlando,Magic,ORL,0,0,,,,,,4,1630579,Jericho Sims,1610612752.0,New York,Knicks,NYK,1
0022400496,43,4,0,1,7:47 PM,8:06,Hart REBOUND (Off:0 Def:3),,,,,4,1628404,Josh Hart,1610612752.0,New York,Knicks,NYK,0,0,,,,,,0,0,,,,,,1
0022400496,44,2,1,1,7:47 PM,8:01,MISS Anunoby 24' 3PT Jump Shot,,,,,4,1628384,OG Anunoby,1610612752.0,New York,Knicks,NYK,0,0,,,,,,0,0,,,,,,1
0022400496,45,4,0,1,7:47 PM,7:57,,,da Silva REBOUND (Off:0 Def:1),,,5,1641783,Tristan da Silva,1610612753.0,Orlando,Magic,ORL,0,0,,,,,,0,0,,,,,,1
0022400496,46,2,86,1,7:47 PM,7:44,,,MISS Anthony 11' Turnaround Fadeaway Shot,,,5,1630175,Cole Anthony,1610612753.0,Orlando,Magic,ORL,0,0,,,,,,0,0,,,,,,1
0022400496,47,4,0,1,7:47 PM,7:43,Hart REBOUND (Off:0 Def:4),,,,,4,1628404,Josh Hart,1610612752.0,New York,Knicks,NYK,0,0,,,,,,0,0,,,,,,1
0022400496,48,2,1,1,7:48 PM,7:33,MISS Bridges 3PT Jump Shot,,,,,4,1628969,Mikal Bridges,1610612752.0,New York,Knicks,NYK,0,0,,,,,,0,0,,,,,,1
0022400496,49,4,0,1,7:48 PM,7:29,,,Anthony REBOUND (Off:0 Def:1),,,5,1630175,Cole Anthony,1610612753.0,Orlando,Magic,ORL,0,0,,,,,,0,0,,,,,,1
0022400496,50,1,52,1,7:48 PM,7:18,,,Bitadze 1' Alley Oop Dunk (2 PTS) (Caldwell-Pope 1 AST),6 - 9,3,5,1629048,Goga Bitadze,1610612753.0,Orlando,Magic,ORL,5,203484,Kentavious Caldwell-Pope,1610612753.0,Orlando,Magic,ORL,0,0,,,,,,1
0022400496,52,1,86,1,7:48 PM,6:52,Hart 16' Turnaround Fadeaway (7 PTS),,,6 - 11,5,4,1628404,Josh Hart,1610612752.0,New York,Knicks,NYK,0,0,,,,,,0,0,,,,,,1
0022400496,53,2,79,1,7:48 PM,6:40,,,MISS da Silva 25' 3PT Pullup Jump Shot,,,5,1641783,Tristan da Silva,1610612753.0,Orlando,Magic,ORL,0,0,,,,,,0,0,,,,,,1
0022400496,54,4,0,1,7:48 PM,6:37,Bridges REBOUND (Off:0 Def:2),,,,,4,1628969,Mikal Bridges,1610612752.0,New York,Knicks,NYK,0,0,,,,,,0,0,,,,,,1
0022400496,55,1,6,1,7:49 PM,6:29,Anunoby 2' Driving Layup (2 PTS) (Bridges 1 AST),,,6 - 13,7,4,1628384,OG Anunoby,1610612752.0,New York,Knicks,NYK,4,1628969,Mikal Bridges,1610612752.0,New York,Knicks,NYK,0,0,,,,,,1
0022400496,57,9,1,1,7:49 PM,6:29,,,Magic Timeout: Regular (Reg.1 Short 0),,,3,1610612753,,,,,,0,0,,,,,,0,0,,,,,,0
0022400496,60,8,0,1,7:49 PM,6:29,,,SUB: Black FOR Caldwell-Pope,,,5,203484,Kentavious Caldwell-Pope,1610612753.0,Orlando,Magic,ORL,5,1641710,Anthony Black,1610612753.0,Orlando,Magic,ORL,0,0,,,,,,0
0022400496,61,8,0,1,7:49 PM,6:29,,,SUB: Isaac FOR Houstan,,,5,1631216,Caleb Houstan,1610612753.0,Orlando,Magic,ORL,5,1628371,Jonathan Isaac,1610612753.0,Orlando,Magic,ORL,0,0,,,,,,0
0022400496,64,1,7,1,7:52 PM,6:15,,,Isaac Dunk (2 PTS) (Bitadze 3 AST),8 - 13,5,5,1628371,Jonathan Isaac,1610612753.0,Orlando,Magic,ORL,5,1629048,Goga Bitadze,1610612753.0,Orlando,Magic,ORL,0,0,,,,,,1
0022400496,66,1,52,1,7:52 PM,5:56,Sims 1' Alley Oop Dunk (2 PTS) (Anunoby 2 AST),,,8 - 15,7,4,1630579,Jericho Sims,1610612752.0,New York,Knicks,NYK,4,1628384,OG Anunoby,1610612752.0,New York,Knicks,NYK,0,0,,,,,,1
0022400496,68,2,6,1,7:52 PM,5:30,,,MISS Bitadze 3' Driving Layup,,,5,1629048,Goga Bitadze,1610612753.0,Orlando,Magic,ORL,0,0,,,,,,0,0,,,,,,1
0022400496,69,4,0,1,7:53 PM,5:29,,,Isaac REBOUND (Off:1 Def:0),,,5,1628371,Jonathan Isaac,1610612753.0,Orlando,Magic,ORL,0,0,,,,,,0,0,,,,,,1
0022400496,70,6,2,1,7:53 PM,5:29,Anunoby S.FOUL (P1.T1) (B.Adair),,,,,4,1628384,OG Anunoby,1610612752.0,New York,Knicks,NYK,5,1628371,Jonathan Isaac,1610612753.0,Orlando,Magic,ORL,1,0,,,,,,1
0022400496,72,3,11,1,7:53 PM,5:29,,,MISS Isaac Free Throw 1 of 2,,,5,1628371,Jonathan Isaac,1610612753.0,Orlando,Magic,ORL,0,0,,,,,,0,0,,,,,,1
0022400496,73,4,1,1,7:53 PM,5:29,,,Magic Rebound,,,3,1610612753,,,,,,0,0,,,,,,0,0,,,,,,0
0022400496,74,3,12,1,7:53 PM,5:29,,,MISS Isaac Free Throw 2 of 2,,,5,1628371,Jonathan Isaac,1610612753.0,Orlando,Magic,ORL,0,0,,,,,,0,0,,,,,,1
0022400496,75,4,0,1,7:53 PM,5:25,,,Anthony REBOUND (Off:1 Def:1),,,5,1630175,Cole Anthony,1610612753.0,Orlando,Magic,ORL,0,0,,,,,,0,0,,,,,,1
0022400496,76,2,1,1,7:54 PM,5:14,,,MISS Anthony 3PT Jump Shot,,,5,1630175,Cole Anthony,1610612753.0,Orlando,Magic,ORL,0,0,,,,,,0,0,,,,,,1
0022400496,77,4,0,1,7:54 PM,5:10,,,Bitadze REBOUND (Off:1 Def:1),,,5,1629048,Goga Bitadze,1610612753.0,Orlando,Magic,ORL,0,0,,,,,,0,0,,,,,,1
0022400496,78,1,97,1,7:54 PM,5:10,,,Bitadze Tip Layup Shot (4 PTS),10 - 15,5,5,1629048,Goga Bitadze,1610612753.0,Orlando,Magic,ORL,0,0,,,,,,0,0,,,,,,1
0022400496,79,2,6,1,7:54 PM,4:56,MISS Brunson 2' Driving Layup,,,,,4,1628973,Jalen Brunson,1610612752.0,New York,Knicks,NYK,0,0,,,,,,0,0,,,,,,1
0022400496,80,4,0,1,7:54 PM,4:55,,,Bitadze REBOUND (Off:1 Def:2),,,5,1629048,Goga Bitadze,1610612753.0,Orlando,Magic,ORL,0,0,,,,,,0,0,,,,,,1
0022400496,81,1,6,1,7:54 PM,4:48,,,Anthony 9' Driving Layup (2 PTS),12 - 15,3,5,1630175,Cole Anthony,1610612753.0,Orlando,Magic,ORL,0,0,,,,,,0,0,,,,,,1
0022400496,82,2,1,1,7:55 PM,4:28,MISS Anunoby 18' Jump Shot,,,,,4,1628384,OG Anunoby,1610612752.0,New York,Knicks,NYK,0,0,,,,,,0,0,,,,,,1
0022400496,83,4,0,1,7:55 PM,4:26,,,Bitadze REBOUND (Off:1 Def:3),,,5,1629048,Goga Bitadze,1610612753.0,Orlando,Magic,ORL,0,0,,,,,,0,0,,,,,,1
0022400496,84,5,45,1,7:55 PM,4:20,,,Anthony Out of Bounds - Bad Pass Turnover Turnover (P1.T1),,,5,1630175,Cole Anthony,1610612753.0,Orlando,Magic,ORL,0,0,,,,,,1,0,,,,,,1
0022400496,85,8,0,1,7:55 PM,4:20,SUB: Achiuwa FOR Hart,,,,,4,1628404,Josh Hart,1610612752.0,New York,Knicks,NYK,4,1630173,Precious Achiuwa,1610612752.0,New York,Knicks,NYK,0,0,,,,,,0
0022400496,87,1,79,1,7:55 PM,4:07,Bridges 11' Pullup Jump Shot (6 PTS) (Brunson 2 AST),,,12 - 17,5,4,1628969,Mikal Bridges,1610612752.0,New York,Knicks,NYK,4,1628973,Jalen Brunson,1610612752.0,New York,Knicks,NYK,0,0,,,,,,1
0022400496,89,1,98,1,7:56 PM,3:42,,,da Silva 2' Cutting Layup Shot (4 PTS) (Anthony 1 AST),14 - 17,3,5,1641783,Tristan da Silva,1610612753.0,Orlando,Magic,ORL,5,1630175,Cole Anthony,1610612753.0,Orlando,Magic,ORL,0,0,,,,,,1
0022400496,91,2,75,1,7:56 PM,3:26,MISS Achiuwa Driving Finger Roll Layup,,Isaac BLOCK (1 BLK),,,4,1630173,Precious Achiuwa,1610612752.0,New York,Knicks,NYK,0,0,,,,,,5,1628371,Jonathan Isaac,1610612753.0,Orlando,Magic,ORL,1
0022400496,93,4,0,1,7:56 PM,3:25,,,Magic Rebound,,,3,1610612753,,,,,,0,0,,,,,,0,0,,,,,,0
0022400496,95,8,0,1,7:56 PM,3:25,,,SUB: Carter Jr. FOR Bitadze,,,5,1629048,Goga Bitadze,1610612753.0,Orlando,Magic,ORL,5,1628976,Wendell Carter Jr.,1610612753.0,Orlando,Magic,ORL,0,0,,,,,,0
0022400496,97,6,2,1,7:56 PM,3:13,Brunson S.FOUL (P1.T2) (T.Maddox),,,,,4,1628973,Jalen Brunson,1610612752.0,New York,Knicks,NYK,5,1641710,Anthony Black,1610612753.0,Orlando,Magic,ORL,1,0,,,,,,1
0022400496,100,8,0,1,7:57 PM,3:13,SUB: Shamet FOR Anunoby,,,,,4,1628384,OG Anunoby,1610612752.0,New York,Knicks,NYK,4,1629013,Landry Shamet,1610612752.0,New York,Knicks,NYK,0,0,,,,,,0
0022400496,99,3,11,1,7:57 PM,3:13,,,Black Free Throw 1 of 2 (1 PTS),15 - 17,2,5,1641710,Anthony Black,1610612753.0,Orlando,Magic,ORL,0,0,,,,,,0,0,,,,,,1
0022400496,102,3,12,1,7:57 PM,3:13,,,Black Free Throw 2 of 2 (2 PTS),16 - 17,1,5,1641710,Anthony Black,1610612753.0,Orlando,Magic,ORL,0,0,,,,,,0,0,,,,,,1
0022400496,103,1,1,1,7:58 PM,3:04,Bridges 26' 3PT Jump Shot (9 PTS) (Brunson 3 AST),,,16 - 20,4,4,1628969,Mikal Bridges,1610612752.0,New York,Knicks,NYK,4,1628973,Jalen Brunson,1610612752.0,New York,Knicks,NYK,0,0,,,,,,1
0022400496,105,2,1,1,7:58 PM,2:50,,,MISS da Silva 3PT Jump Shot,,,5,1641783,Tristan da Silva,1610612753.0,Orlando,Magic,ORL,0,0,,,,,,0,0,,,,,,1
0022400496,106,4,0,1,7:58 PM,2:48,Bridges REBOUND (Off:0 Def:3),,,,,4,1628969,Mikal Bridges,1610612752.0,New York,Knicks,NYK,0,0,,,,,,0,0,,,,,,1
0022400496,107,2,79,1,7:58 PM,2:33,MISS Brunson 17' Pullup Jump Shot,,,,,4,1628973,Jalen Brunson,1610612752.0,New York,Knicks,NYK,0,0,,,,,,0,0,,,,,,1
0022400496,108,4,0,1,7:58 PM,2:29,,,Anthony REBOUND (Off:1 Def:2),,,5,1630175,Cole Anthony,1610612753.0,Orlando,Magic,ORL,0,0,,,,,,0,0,,,,,,1
0022400496,109,1,41,1,7:58 PM,2:24,,,Anthony Running Layup (4 PTS),18 - 20,2,5,1630175,Cole Anthony,1610612753.0,Orlando,Magic,ORL,0,0,,,,,,0,0,,,,,,1
0022400496,110,2,80,1,7:59 PM,1:58,MISS Shamet 24' 3PT Step Back Jump Shot,,,,,4,1629013,Landry Shamet,1610612752.0,New York,Knicks,NYK,0,0,,,,,,0,0,,,,,,1
0022400496,111,4,0,1,7:59 PM,1:55,,,Isaac REBOUND (Off:1 Def:1),,,5,1628371,Jonathan Isaac,1610612753.0,Orlando,Magic,ORL,0,0,,,,,,0,0,,,,,,1
0022400496,112,2,86,1,7:59 PM,1:45,,,MISS Isaac 13' Turnaround Fadeaway Shot,,,5,1628371,Jonathan Isaac,1610612753.0,Orlando,Magic,ORL,0,0,,,,,,0,0,,,,,,1
0022400496,113,4,0,1,7:59 PM,1:42,Sims REBOUND (Off:2 Def:2),,,,,4,1630579,Jericho Sims,1610612752.0,New York,Knicks,NYK,0,0,,,,,,0,0,,,,,,1
0022400496,114,2,101,1,7:59 PM,1:30,MISS Brunson 5' Driving Floating Jump Shot,,,,,4,1628973,Jalen Brunson,1610612752.0,New York,Knicks,NYK,0,0,,,,,,0,0,,,,,,1
0022400496,115,4,0,1,7:59 PM,1:29,,,Carter Jr. REBOUND (Off:0 Def:1),,,5,1628976,Wendell Carter Jr.,1610612753.0,Orlando,Magic,ORL,0,0,,,,,,0,0,,,,,,1
0022400496,116,1,6,1,7:59 PM,1:21,,,Anthony 2' Driving Layup (6 PTS),20 - 20,TIE,5,1630175,Cole Anthony,1610612753.0,Orlando,Magic,ORL,0,0,,,,,,0,0,,,,,,1
0022400496,117,1,79,1,8:00 PM,1:05,Brunson 14' Pullup Jump Shot (2 PTS),,,20 - 22,2,4,1628973,Jalen Brunson,1610612752.0,New York,Knicks,NYK,0,0,,,,,,0,0,,,,,,1
0022400496,118,1,86,1,8:00 PM,0:50,,,Black 13' Turnaround Fadeaway (4 PTS),22 - 22,TIE,5,1641710,Anthony Black,1610612753.0,Orlando,Magic,ORL,0,0,,,,,,0,0,,,,,,1
0022400496,119,1,6,1,8:00 PM,0:36,Brunson 2' Driving Layup (4 PTS),,,22 - 24,2,4,1628973,Jalen Brunson,1610612752.0,New York,Knicks,NYK,0,0,,,,,,0,0,,,,,,1
0022400496,120,6,2,1,8:00 PM,0:36,,,Black S.FOUL (P1.T2) (C.Washington),,,5,1641710,Anthony Black,1610612753.0,Orlando,Magic,ORL,4,1628973,Jalen Brunson,1610612752.0,New York,Knicks,NYK,1,0,,,,,,1
0022400496,122,9,1,1,8:01 PM,0:36,KNICKS Timeout: Regular (Full 1 Short 0),,,,,2,1610612752,,,,,,0,0,,,,,,0,0,,,,,,0
0022400496,123,8,0,1,8:01 PM,0:36,,,SUB: Caldwell-Pope FOR Anthony,,,5,1630175,Cole Anthony,1610612753.0,Orlando,Magic,ORL,5,203484,Kentavious Caldwell-Pope,1610612753.0,Orlando,Magic,ORL,0,0,,,,,,0
0022400496,124,8,0,1,8:01 PM,0:36,,,SUB: Howard FOR da Silva,,,5,1641783,Tristan da Silva,1610612753.0,Orlando,Magic,ORL,5,1641724,Jett Howard,1610612753.0,Orlando,Magic,ORL,0,0,,,,,,0
0022400496,127,3,10,1,8:04 PM,0:36,Brunson Free Throw 1 of 1 (5 PTS),,,22 - 25,3,4,1628973,Jalen Brunson,1610612752.0,New York,Knicks,NYK,0,0,,,,,,0,0,,,,,,1
0022400496,128,2,1,1,8:04 PM,0:20,,,MISS Howard 27' 3PT Jump Shot,,,5,1641724,Jett Howard,1610612753.0,Orlando,Magic,ORL,0,0,,,,,,0,0,,,,,,1
0022400496,129,4,0,1,8:04 PM,0:17,,,Isaac REBOUND (Off:2 Def:1),,,5,1628371,Jonathan Isaac,1610612753.0,Orlando,Magic,ORL,0,0,,,,,,0,0,,,,,,1
0022400496,130,6,2,1,8:04 PM,0:17,Achiuwa S.FOUL (P1.T3) (C.Washington),,,,,4,1630173,Precious Achiuwa,1610612752.0,New York,Knicks,NYK,5,1628371,Jonathan Isaac,1610612753.0,Orlando,Magic,ORL,1,0,,,,,,1
0022400496,133,8,0,1,8:04 PM,0:17,SUB: Anunoby FOR Achiuwa,,,,,4,1630173,Precious Achiuwa,1610612752.0,New York,Knicks,NYK,4,1628384,OG Anunoby,1610612752.0,New York,Knicks,NYK,0,0,,,,,,0
0022400496,134,8,0,1,8:04 PM,0:17,,,SUB: Queen FOR Howard,,,5,1641724,Jett Howard,1610612753.0,Orlando,Magic,ORL,5,1630243,Trevelin Queen,1610612753.0,Orlando,Magic,ORL,0,0,,,,,,0
0022400496,132,3,11,1,8:04 PM,0:17,,,Isaac Free Throw 1 of 2 (3 PTS),23 - 25,2,5,1628371,Jonathan Isaac,1610612753.0,Orlando,Magic,ORL,0,0,,,,,,0,0,,,,,,1
0022400496,137,3,12,1,8:05 PM,0:17,,,Isaac Free Throw 2 of 2 (4 PTS),24 - 25,1,5,1628371,Jonathan Isaac,1610612753.0,Orlando,Magic,ORL,0,0,,,,,,0,0,,,,,,1
0022400496,138,1,101,1,8:05 PM,0:01,Brunson 5' Driving Floating Jump Shot (7 PTS),,,24 - 27,3,4,1628973,Jalen Brunson,1610612752.0,New York,Knicks,NYK,0,0,,,,,,0,0,,,,,,1
0022400496,139,6,2,1,8:05 PM,0:01,,,Isaac S.FOUL (P1.PN) (C.Washington),,,5,1628371,Jonathan Isaac,1610612753.0,Orlando,Magic,ORL,4,1628973,Jalen Brunson,1610612752.0,New York,Knicks,NYK,1,0,,,,,,1
0022400496,141,8,0,1,8:05 PM,0:01,SUB: Achiuwa FOR Anunoby,,,,,4,1628384,OG Anunoby,1610612752.0,New York,Knicks,NYK,4,1630173,Precious Achiuwa,1610612752.0,New York,Knicks,NYK,0,0,,,,,,0
0022400496,143,3,10,1,8:06 PM,0:01,Brunson Free Throw 1 of 1 (8 PTS),,,24 - 28,4,4,1628973,Jalen Brunson,1610612752.0,New York,Knicks,NYK,0,0,,,,,,0,0,,,,,,1
0022400496,144,2,101,1,8:06 PM,0:00,,,MISS Queen 56' 3PT Driving Floating Jump Shot,,,5,1630243,Trevelin Queen,1610612753.0,Orlando,Magic,ORL,0,0,,,,,,0,0,,,,,,1
0022400496,145,4,0,1,8:06 PM,0:00,,,Magic Rebound,,,3,1610612753,,,,,,0,0,,,,,,0,0,,,,,,1
0022400496,146,13,0,1,8:06 PM,0:00,,End of 1st Period (8:06 PM EST),,24 - 28,4,0,0,,,,,,0,0,,,,,,0,0,,,,,,1
0022400496,153,12,0,2,8:09 PM,12:00,,Start of 2nd Period (8:09 PM EST),,24 - 28,4,0,0,,,,,,0,0,,,,,,0,0,,,,,,0
0022400496,154,1,7,2,8:09 PM,11:41,,,Isaac 1' Dunk (6 PTS) (Carter Jr. 1 AST),26 - 28,2,5,1628371,Jonathan Isaac,1610612753.0,Orlando,Magic,ORL,5,1628976,Wendell Carter Jr.,1610612753.0,Orlando,Magic,ORL,0,0,,,,,,1
0022400496,156,1,80,2,8:09 PM,11:24,Payne 24' 3PT Step Back Jump Shot (3 PTS),,,26 - 31,5,4,1626166,Cameron Payne,1610612752.0,New York,Knicks,NYK,0,0,,,,,,0,0,,,,,,1
0022400496,157,1,58,2,8:10 PM,11:08,,,Carter Jr. 4' Turnaround Hook Shot (2 PTS),28 - 31,3,5,1628976,Wendell Carter Jr.,1610612753.0,Orlando,Magic,ORL,0,0,,,,,,0,0,,,,,,1
0022400496,158,5,45,2,8:10 PM,10:58,Shamet Out of Bounds - Bad Pass Turnover Turnover (P1.T3),,,,,4,1629013,Landry Shamet,1610612752.0,New York,Knicks,NYK,0,0,,,,,,1,0,,,,,,1
0022400496,159,1,57,2,8:10 PM,10:44,,,Carter Jr. 4' Driving Hook Shot (4 PTS),30 - 31,1,5,1628976,Wendell Carter Jr.,1610612753.0,Orlando,Magic,ORL,0,0,,,,,,0,0,,,,,,1
0022400496,160,2,1,2,8:10 PM,10:30,MISS Payne 25' 3PT Jump Shot,,,,,4,1626166,Cameron Payne,1610612752.0,New York,Knicks,NYK,0,0,,,,,,0,0,,,,,,1
0022400496,161,4,0,2,8:11 PM,10:25,Achiuwa REBOUND (Off:1 Def:0),,,,,4,1630173,Precious Achiuwa,1610612752.0,New York,Knicks,NYK,0,0,,,,,,0,0,,,,,,1
0022400496,162,1,97,2,8:11 PM,10:25,Achiuwa Tip Layup Shot (2 PTS),,,30 - 33,3,4,1630173,Precious Achiuwa,1610612752.0,New York,Knicks,NYK,0,0,,,,,,0,0,,,,,,1
0022400496,163,1,1,2,8:11 PM,10:13,,,Caldwell-Pope 24' 3PT Jump Shot (5 PTS) (Carter Jr. 2 AST),33 - 33,TIE,5,203484,Kentavious Caldwell-Pope,1610612753.0,Orlando,Magic,ORL,5,1628976,Wendell Carter Jr.,1610612753.0,Orlando,Magic,ORL,0,0,,,,,,1
0022400496,165,6,2,2,8:11 PM,9:56,,,Carter Jr. S.FOUL (P1.T1) (B.Adair),,,5,1628976,Wendell Carter Jr.,1610612753.0,Orlando,Magic,ORL,4,1628969,Mikal Bridges,1610612752.0,New York,Knicks,NYK,1,0,,,,,,1
0022400496,167,3,11,2,8:12 PM,9:56,Bridges Free Throw 1 of 2 (10 PTS),,,33 - 34,1,4,1628969,Mikal Bridges,1610612752.0,New York,Knicks,NYK,0,0,,,,,,0,0,,,,,,1
0022400496,168,3,12,2,8:12 PM,9:56,Bridges Free Throw 2 of 2 (11 PTS),,,33 - 35,2,4,1628969,Mikal Bridges,1610612752.0,New York,Knicks,NYK,0,0,,,,,,0,0,,,,,,1
0022400496,169,2,79,2,8:12 PM,9:42,,,MISS Carter Jr. 16' Pullup Jump Shot,,,5,1628976,Wendell Carter Jr.,1610612753.0,Orlando,Magic,ORL,0,0,,,,,,0,0,,,,,,1
0022400496,170,4,0,2,8:12 PM,9:39,,,Isaac REBOUND (Off:3 Def:1),,,5,1628371,Jonathan Isaac,1610612753.0,Orlando,Magic,ORL,0,0,,,,,,0,0,,,,,,1
0022400496,171,1,72,2,8:12 PM,9:38,,,Isaac Putback Layup (8 PTS),35 - 35,TIE,5,1628371,Jonathan Isaac,1610612753.0,Orlando,Magic,ORL,0,0,,,,,,0,0,,,,,,1
0022400496,172,6,2,2,8:12 PM,9:23,,,Black S.FOUL (P2.T2) (C.Washington),,,5,1641710,Anthony Black,1610612753.0,Orlando,Magic,ORL,4,1626166,Cameron Payne,1610612752.0,New York,Knicks,NYK,1,0,,,,,,1
0022400496,174,3,11,2,8:13 PM,9:23,Payne Free Throw 1 of 2 (4 PTS),,,35 - 36,1,4,1626166,Cameron Payne,1610612752.0,New York,Knicks,NYK,0,0,,,,,,0,0,,,,,,1
0022400496,175,3,12,2,8:13 PM,9:23,Payne Free Throw 2 of 2 (5 PTS),,,35 - 37,2,4,1626166,Cameron Payne,1610612752.0,New York,Knicks,NYK,0,0,,,,,,0,0,,,,,,1
0022400496,176,1,75,2,8:14 PM,9:05,,,Caldwell-Pope 7' Driving Finger Roll Layup (7 PTS) (Carter Jr. 3 AST),37 - 37,TIE,5,203484,Kentavious Caldwell-Pope,1610612753.0,Orlando,Magic,ORL,5,1628976,Wendell Carter Jr.,1610612753.0,Orlando,Magic,ORL,0,0,,,,,,1
0022400496,178,1,98,2,8:14 PM,8:52,Achiuwa 2' Cutting Layup Shot (4 PTS) (Payne 1 AST),,,37 - 39,2,4,1630173,Precious Achiuwa,1610612752.0,New York,Knicks,NYK,4,1626166,Cameron Payne,1610612752.0,New York,Knicks,NYK,0,0,,,,,,1
0022400496,180,6,4,2,8:14 PM,8:45,,,Caldwell-Pope OFF.Foul (P1) (C.Washington),,,5,203484,Kentavious Caldwell-Pope,1610612753.0,Orlando,Magic,ORL,4,1629013,Landry Shamet,1610612752.0,New York,Knicks,NYK,1,0,,,,,,1
0022400496,182,5,37,2,8:14 PM,8:45,,,Caldwell-Pope Offensive Foul Turnover (P1.T2),,,5,203484,Kentavious Caldwell-Pope,1610612753.0,Orlando,Magic,ORL,0,0,,,,,,1,0,,,,,,1
0022400496,183,8,0,2,8:14 PM,8:45,,,SUB: Anthony FOR Black,,,5,1641710,Anthony Black,1610612753.0,Orlando,Magic,ORL,5,1630175,Cole Anthony,1610612753.0,Orlando,Magic,ORL,0,0,,,,,,0
0022400496,185,2,101,2,8:15 PM,8:34,MISS Payne 9' Driving Floating Jump Shot,,,,,4,1626166,Cameron Payne,1610612752.0,New York,Knicks,NYK,0,0,,,,,,0,0,,,,,,1
0022400496,186,4,0,2,8:15 PM,8:31,,,Isaac REBOUND (Off:3 Def:2),,,5,1628371,Jonathan Isaac,1610612753.0,Orlando,Magic,ORL,0,0,,,,,,0,0,,,,,,1
0022400496,187,2,57,2,8:15 PM,8:22,,,MISS Anthony 6' Driving Hook Shot,,,5,1630175,Cole Anthony,1610612753.0,Orlando,Magic,ORL,0,0,,,,,,0,0,,,,,,0
0022400496,188,4,0,2,8:15 PM,8:21,Hart REBOUND (Off:0 Def:5),,,,,4,1628404,Josh Hart,1610612752.0,New York,Knicks,NYK,0,0,,,,,,0,0,,,,,,0
0022400496,189,6,2,2,8:15 PM,8:19,,,Howard S.FOUL (P1.T3) (B.Adair),,,5,1641724,Jett Howard,1610612753.0,Orlando,Magic,ORL,4,1628404,Josh Hart,1610612752.0,New York,Knicks,NYK,1,0,,,,,,1
0022400496,191,3,11,2,8:16 PM,8:19,Hart Free Throw 1 of 2 (8 PTS),,,37 - 40,3,4,1628404,Josh Hart,1610612752.0,New York,Knicks,NYK,0,0,,,,,,0,0,,,,,,1
0022400496,192,3,12,2,8:16 PM,8:19,Hart Free Throw 2 of 2 (9 PTS),,,37 - 41,4,4,1628404,Josh Hart,1610612752.0,New York,Knicks,NYK,0,0,,,,,,0,0,,,,,,1
0022400496,193,2,79,2,8:17 PM,8:01,,,MISS Caldwell-Pope 17' Pullup Jump Shot,,,5,203484,Kentavious Caldwell-Pope,1610612753.0,Orlando,Magic,ORL,0,0,,,,,,0,0,,,,,,1
0022400496,194,4,0,2,8:17 PM,7:57,,,Isaac REBOUND (Off:4 Def:2),,,5,1628371,Jonathan Isaac,1610612753.0,Orlando,Magic,ORL,0,0,,,,,,0,0,,,,,,1
0022400496,195,1,1,2,8:17 PM,7:57,,,Carter Jr. 24' 3PT Jump Shot (7 PTS) (Isaac 1 AST),40 - 41,1,5,1628976,Wendell Carter Jr.,1610612753.0,Orlando,Magic,ORL,5,1628371,Jonathan Isaac,1610612753.0,Orlando,Magic,ORL,0,0,,,,,,1
0022400496,197,2,1,2,8:17 PM,7:44,MISS Shamet 26' 3PT Jump Shot,,,,,4,1629013,Landry Shamet,1610612752.0,New York,Knicks,NYK,0,0,,,,,,0,0,,,,,,1
0022400496,198,4,0,2,8:17 PM,7:43,,,Magic Rebound,,,3,1610612753,,,,,,0,0,,,,,,0,0,,,,,,0
0022400496,200,8,0,2,8:17 PM,7:43,,,SUB: da Silva FOR Isaac,,,5,1628371,Jonathan Isaac,1610612753.0,Orlando,Magic,ORL,5,1641783,Tristan da Silva,1610612753.0,Orlando,Magic,ORL,0,0,,,,,,0
0022400496,202,5,45,2,8:17 PM,7:33,,,Carter Jr. Out of Bounds - Bad Pass Turnover Turnover (P1.T3),,,5,1628976,Wendell Carter Jr.,1610612753.0,Orlando,Magic,ORL,0,0,,,,,,1,0,,,,,,1
0022400496,203,8,0,2,8:17 PM,7:33,SUB: Anunoby FOR Bridges,,,,,4,1628969,Mikal Bridges,1610612752.0,New York,Knicks,NYK,4,1628384,OG Anunoby,1610612752.0,New York,Knicks,NYK,0,0,,,,,,0
0022400496,205,2,1,2,8:18 PM,7:26,MISS Payne 29' 3PT Jump Shot,,,,,4,1626166,Cameron Payne,1610612752.0,New York,Knicks,NYK,0,0,,,,,,0,0,,,,,,1
0022400496,206,4,0,2,8:18 PM,7:23,,,Howard REBOUND (Off:0 Def:1),,,5,1641724,Jett Howard,1610612753.0,Orlando,Magic,ORL,0,0,,,,,,0,0,,,,,,1
0022400496,207,1,80,2,8:18 PM,7:17,,,Howard 15' Step Back Jump Shot (2 PTS),42 - 41,-1,5,1641724,Jett Howard,1610612753.0,Orlando,Magic,ORL,0,0,,,,,,0,0,,,,,,1
0022400496,208,2,1,2,8:18 PM,6:58,MISS Shamet 26' 3PT Jump Shot,,,,,4,1629013,Landry Shamet,1610612752.0,New York,Knicks,NYK,0,0,,,,,,0,0,,,,,,1
0022400496,209,4,0,2,8:18 PM,6:54,,,da Silva REBOUND (Off:0 Def:2),,,5,1641783,Tristan da Silva,1610612753.0,Orlando,Magic,ORL,0,0,,,,,,0,0,,,,,,1
0022400496,210,2,2,2,8:19 PM,6:49,,,MISS Anthony 31' 3PT Running Jump Shot,,,5,1630175,Cole Anthony,1610612753.0,Orlando,Magic,ORL,0,0,,,,,,0,0,,,,,,1
0022400496,211,4,0,2,8:19 PM,6:47,KNICKS Rebound,,,,,2,1610612752,,,,,,0,0,,,,,,0,0,,,,,,0
0022400496,212,6,3,2,8:19 PM,6:47,,,Howard L.B.FOUL (P2.T4) (C.Washington),,,5,1641724,Jett Howard,1610612753.0,Orlando,Magic,ORL,4,1629013,Landry Shamet,1610612752.0,New York,Knicks,NYK,1,0,,,,,,1
0022400496,214,9,1,2,8:19 PM,6:47,KNICKS Timeout: Regular (Full 2 Short 0),,,,,2,1610612752,,,,,,0,0,,,,,,0,0,,,,,,0
0022400496,215,2,6,2,8:22 PM,6:31,MISS Anunoby 3' Driving Layup,,,,,4,1628384,OG Anunoby,1610612752.0,New York,Knicks,NYK,0,0,,,,,,0,0,,,,,,1
0022400496,217,4,0,2,8:22 PM,6:27,Anunoby REBOUND (Off:2 Def:0),,,,,4,1628384,OG Anunoby,1610612752.0,New York,Knicks,NYK,0,0,,,,,,0,0,,,,,,1
0022400496,218,2,80,2,8:22 PM,6:19,MISS Hart 21' Step Back Jump Shot,,,,,4,1628404,Josh Hart,1610612752.0,New York,Knicks,NYK,0,0,,,,,,0,0,,,,,,1
0022400496,219,4,0,2,8:22 PM,6:19,,,Magic Rebound,,,3,1610612753,,,,,,0,0,,,,,,0,0,,,,,,0
0022400496,221,2,1,2,8:23 PM,6:01,,,MISS Caldwell-Pope 25' 3PT Jump Shot,,,5,203484,Kentavious Caldwell-Pope,1610612753.0,Orlando,Magic,ORL,0,0,,,,,,0,0,,,,,,1
0022400496,222,4,0,2,8:23 PM,6:00,KNICKS Rebound,,,,,2,1610612752,,,,,,0,0,,,,,,0,0,,,,,,0
0022400496,224,1,108,2,8:23 PM,5:47,Achiuwa 1' Cutting Dunk Shot (6 PTS) (Shamet 1 AST),,,42 - 43,1,4,1630173,Precious Achiuwa,1610612752.0,New York,Knicks,NYK,4,1629013,Landry Shamet,1610612752.0,New York,Knicks,NYK,0,0,,,,,,1
0022400496,226,6,1,2,8:23 PM,5:28,Achiuwa P.FOUL (P2.T1) (T.Maddox),,,,,4,1630173,Precious Achiuwa,1610612752.0,New York,Knicks,NYK,5,1628976,Wendell Carter Jr.,1610612753.0,Orlando,Magic,ORL,1,0,,,,,,1
0022400496,228,8,0,2,8:23 PM,5:28,SUB: Sims FOR Achiuwa,,,,,4,1630173,Precious Achiuwa,1610612752.0,New York,Knicks,NYK,4,1630579,Jericho Sims,1610612752.0,New York,Knicks,NYK,0,0,,,,,,0
0022400496,229,8,0,2,8:23 PM,5:28,,,SUB: Bitadze FOR Carter Jr.,,,5,1628976,Wendell Carter Jr.,1610612753.0,Orlando,Magic,ORL,5,1629048,Goga Bitadze,1610612753.0,Orlando,Magic,ORL,0,0,,,,,,0
0022400496,232,6,1,2,8:24 PM,5:18,Shamet P.FOUL (P1.T2) (B.Adair),,,,,4,1629013,Landry Shamet,1610612752.0,New York,Knicks,NYK,5,1630175,Cole Anthony,1610612753.0,Orlando,Magic,ORL,1,0,,,,,,1
0022400496,234,1,86,2,8:24 PM,5:10,,,Anthony 11' Turnaround Fadeaway (8 PTS),44 - 43,-1,5,1630175,Cole Anthony,1610612753.0,Orlando,Magic,ORL,0,0,,,,,,0,0,,,,,,1
0022400496,235,2,6,2,8:25 PM,4:55,MISS Payne 1' Driving Layup,,,,,4,1626166,Cameron Payne,1610612752.0,New York,Knicks,NYK,0,0,,,,,,0,0,,,,,,1
0022400496,236,4,0,2,8:25 PM,4:53,Hart REBOUND (Off:1 Def:5),,,,,4,1628404,Josh Hart,1610612752.0,New York,Knicks,NYK,0,0,,,,,,0,0,,,,,,1
0022400496,237,2,80,2,8:25 PM,4:46,MISS Hart 3PT Step Back Jump Shot,,,,,4,1628404,Josh Hart,1610612752.0,New York,Knicks,NYK,0,0,,,,,,0,0,,,,,,1
0022400496,238,4,0,2,8:25 PM,4:44,Payne REBOUND (Off:1 Def:0),,,,,4,1626166,Cameron Payne,1610612752.0,New York,Knicks,NYK,0,0,,,,,,0,0,,,,,,1
0022400496,239,2,1,2,8:25 PM,4:41,MISS Anunoby 27' 3PT Jump Shot,,,,,4,1628384,OG Anunoby,1610612752.0,New York,Knicks,NYK,0,0,,,,,,0,0,,,,,,1
0022400496,240,4,0,2,8:25 PM,4:38,,,Anthony REBOUND (Off:1 Def:3),,,5,1630175,Cole Anthony,1610612753.0,Orlando,Magic,ORL,0,0,,,,,,0,0,,,,,,1
0022400496,241,2,2,2,8:25 PM,4:34,,,MISS Caldwell-Pope 3PT Running Jump Shot,,,5,203484,Kentavious Caldwell-Pope,1610612753.0,Orlando,Magic,ORL,0,0,,,,,,0,0,,,,,,1
0022400496,242,4,0,2,8:25 PM,4:31,Sims REBOUND (Off:2 Def:3),,,,,4,1630579,Jericho Sims,1610612752.0,New York,Knicks,NYK,0,0,,,,,,0,0,,,,,,1
0022400496,243,5,2,2,8:25 PM,4:16,Payne Lost Ball Turnover (P1.T4),,Caldwell-Pope STEAL (1 STL),,,4,1626166,Cameron Payne,1610612752.0,New York,Knicks,NYK,5,203484,Kentavious Caldwell-Pope,1610612753.0,Orlando,Magic,ORL,0,0,,,,,,1
0022400496,245,1,41,2,8:25 PM,4:13,,,Howard 1' Running Layup (4 PTS),46 - 43,-3,5,1641724,Jett Howard,1610612753.0,Orlando,Magic,ORL,0,0,,,,,,0,0,,,,,,1
0022400496,246,9,1,2,8:26 PM,4:03,KNICKS Timeout: Regular (Full 3 Short 0),,,,,2,1610612752,,,,,,0,0,,,,,,0,0,,,,,,0
0022400496,247,8,0,2,8:26 PM,4:03,SUB: Brunson FOR Shamet,,,,,4,1629013,Landry Shamet,1610612752.0,New York,Knicks,NYK,4,1628973,Jalen Brunson,1610612752.0,New York,Knicks,NYK,0,0,,,,,,0
0022400496,248,8,0,2,8:26 PM,4:03,SUB: Bridges FOR Payne,,,,,4,1626166,Cameron Payne,1610612752.0,New York,Knicks,NYK,4,1628969,Mikal Bridges,1610612752.0,New York,Knicks,NYK,0,0,,,,,,0
0022400496,249,8,0,2,8:26 PM,4:03,,,SUB: Houstan FOR Caldwell-Pope,,,5,203484,Kentavious Caldwell-Pope,1610612753.0,Orlando,Magic,ORL,5,1631216,Caleb Houstan,1610612753.0,Orlando,Magic,ORL,0,0,,,,,,0
0022400496,253,5,40,2,8:29 PM,3:56,Brunson Out of Bounds Lost Ball Turnover (P1.T5),,,,,4,1628973,Jalen Brunson,1610612752.0,New York,Knicks,NYK,0,0,,,,,,1,0,,,,,,1
0022400496,254,2,1,2,8:29 PM,3:43,,,MISS da Silva 25' 3PT Jump Shot,,,5,1641783,Tristan da Silva,1610612753.0,Orlando,Magic,ORL,0,0,,,,,,0,0,,,,,,1
0022400496,255,4,0,2,8:29 PM,3:39,,,Anthony REBOUND (Off:2 Def:3),,,5,1630175,Cole Anthony,1610612753.0,Orlando,Magic,ORL,0,0,,,,,,0,0,,,,,,1
0022400496,256,6,4,2,8:29 PM,3:36,,,Houstan OFF.Foul (P1) (T.Maddox),,,5,1631216,Caleb Houstan,1610612753.0,Orlando,Magic,ORL,4,1628973,Jalen Brunson,1610612752.0,New York,Knicks,NYK,1,0,,,,,,1
0022400496,258,5,37,2,8:29 PM,3:36,,,Houstan Offensive Foul Turnover (P1.T4),,,5,1631216,Caleb Houstan,1610612753.0,Orlando,Magic,ORL,0,0,,,,,,1,0,,,,,,1
0022400496,259,8,0,2,8:29 PM,3:36,,,SUB: Isaac FOR Howard,,,5,1641724,Jett Howard,1610612753.0,Orlando,Magic,ORL,5,1628371,Jonathan Isaac,1610612753.0,Orlando,Magic,ORL,0,0,,,,,,0
0022400496,261,6,2,2,8:30 PM,3:25,,,Anthony S.FOUL (P1.PN) (T.Maddox),,,5,1630175,Cole Anthony,1610612753.0,Orlando,Magic,ORL,4,1628973,Jalen Brunson,1610612752.0,New York,Knicks,NYK,1,0,,,,,,1
0022400496,263,3,11,2,8:31 PM,3:25,Brunson Free Throw 1 of 2 (9 PTS),,,46 - 44,-2,4,1628973,Jalen Brunson,1610612752.0,New York,Knicks,NYK,0,0,,,,,,0,0,,,,,,1
0022400496,264,3,12,2,8:31 PM,3:25,Brunson Free Throw 2 of 2 (10 PTS),,,46 - 45,-1,4,1628973,Jalen Brunson,1610612752.0,New York,Knicks,NYK,0,0,,,,,,0,0,,,,,,1
0022400496,265,2,1,2,8:31 PM,3:12,,,MISS da Silva 24' 3PT Jump Shot,,,5,1641783,Tristan da Silva,1610612753.0,Orlando,Magic,ORL,0,0,,,,,,0,0,,,,,,1
0022400496,266,4,0,2,8:31 PM,3:07,Bridges REBOUND (Off:0 Def:4),,,,,4,1628969,Mikal Bridges,1610612752.0,New York,Knicks,NYK,0,0,,,,,,0,0,,,,,,1
0022400496,267,1,101,2,8:31 PM,3:03,Bridges 9' Driving Floating Jump Shot (13 PTS),,,46 - 47,1,4,1628969,Mikal Bridges,1610612752.0,New York,Knicks,NYK,0,0,,,,,,0,0,,,,,,1
0022400496,268,1,101,2,8:32 PM,2:41,,,Anthony 4' Driving Floating Jump Shot (10 PTS) (Bitadze 4 AST),48 - 47,-1,5,1630175,Cole Anthony,1610612753.0,Orlando,Magic,ORL,5,1629048,Goga Bitadze,1610612753.0,Orlando,Magic,ORL,0,0,,,,,,1
0022400496,270,1,101,2,8:32 PM,2:27,Brunson 10' Driving Floating Jump Shot (12 PTS),,,48 - 49,1,4,1628973,Jalen Brunson,1610612752.0,New York,Knicks,NYK,0,0,,,,,,0,0,,,,,,1
0022400496,271,2,80,2,8:32 PM,2:04,,,MISS Anthony 10' Step Back Jump Shot,,,5,1630175,Cole Anthony,1610612753.0,Orlando,Magic,ORL,0,0,,,,,,0,0,,,,,,1
0022400496,272,4,0,2,8:32 PM,2:01,Hart REBOUND (Off:1 Def:6),,,,,4,1628404,Josh Hart,1610612752.0,New York,Knicks,NYK,0,0,,,,,,0,0,,,,,,1
0022400496,273,2,101,2,8:33 PM,1:52,MISS Brunson 10' Driving Floating Jump Shot,,,,,4,1628973,Jalen Brunson,1610612752.0,New York,Knicks,NYK,0,0,,,,,,0,0,,,,,,1
0022400496,274,4,0,2,8:33 PM,1:49,,,Bitadze REBOUND (Off:1 Def:4),,,5,1629048,Goga Bitadze,1610612753.0,Orlando,Magic,ORL,0,0,,,,,,0,0,,,,,,1
0022400496,275,1,52,2,8:33 PM,1:40,,,Bitadze Alley Oop Dunk (6 PTS) (da Silva 1 AST),50 - 49,-1,5,1629048,Goga Bitadze,1610612753.0,Orlando,Magic,ORL,5,1641783,Tristan da Silva,1610612753.0,Orlando,Magic,ORL,0,0,,,,,,1
0022400496,277,6,4,2,8:33 PM,1:29,Sims OFF.Foul (P1) (T.Maddox),,,,,4,1630579,Jericho Sims,1610612752.0,New York,Knicks,NYK,5,1630175,Cole Anthony,1610612753.0,Orlando,Magic,ORL,1,0,,,,,,1
0022400496,279,5,37,2,8:33 PM,1:29,Sims Offensive Foul Turnover (P2.T6),,,,,4,1630579,Jericho Sims,1610612752.0,New York,Knicks,NYK,0,0,,,,,,1,0,,,,,,1
0022400496,280,2,79,2,8:33 PM,1:19,,,MISS da Silva 25' 3PT Pullup Jump Shot,,,5,1641783,Tristan da Silva,1610612753.0,Orlando,Magic,ORL,0,0,,,,,,0,0,,,,,,1
0022400496,281,4,0,2,8:33 PM,1:16,Anunoby REBOUND (Off:2 Def:1),,,,,4,1628384,OG Anunoby,1610612752.0,New York,Knicks,NYK,0,0,,,,,,0,0,,,,,,1
0022400496,282,2,1,2,8:34 PM,0:59,MISS Bridges 24' 3PT Jump Shot,,,,,4,1628969,Mikal Bridges,1610612752.0,New York,Knicks,NYK,0,0,,,,,,0,0,,,,,,1
0022400496,283,4,0,2,8:34 PM,0:58,,,Houstan REBOUND (Off:0 Def:1),,,5,1631216,Caleb Houstan,1610612753.0,Orlando,Magic,ORL,0,0,,,,,,0,0,,,,,,1
0022400496,284,5,1,2,8:34 PM,0:37,Hart STEAL (1 STL),,Anthony Bad Pass Turnover (P2.T5),,,5,1630175,Cole Anthony,1610612753.0,Orlando,Magic,ORL,4,1628404,Josh Hart,1610612752.0,New York,Knicks,NYK,0,0,,,,,,1
0022400496,286,2,1,2,8:34 PM,0:26,MISS Bridges 3PT Jump Shot,,,,,4,1628969,Mikal Bridges,1610612752.0,New York,Knicks,NYK,0,0,,,,,,0,0,,,,,,1
0022400496,287,4,0,2,8:34 PM,0:23,,,Bitadze REBOUND (Off:1 Def:5),,,5,1629048,Goga Bitadze,1610612753.0,Orlando,Magic,ORL,0,0,,,,,,0,0,,,,,,1
0022400496,288,5,2,2,8:34 PM,0:20,Anunoby STEAL (1 STL),,Bitadze Lost Ball Turnover (P1.T6),,,5,1629048,Goga Bitadze,1610612753.0,Orlando,Magic,ORL,4,1628384,OG Anunoby,1610612752.0,New York,Knicks,NYK,0,0,,,,,,1
0022400496,290,2,7,2,8:34 PM,0:15,MISS Sims 1' Dunk,,Bitadze BLOCK (1 BLK),,,4,1630579,Jericho Sims,1610612752.0,New York,Knicks,NYK,0,0,,,,,,5,1629048,Goga Bitadze,1610612753.0,Orlando,Magic,ORL,1
0022400496,292,4,0,2,8:34 PM,0:15,Anunoby REBOUND (Off:3 Def:1),,,,,4,1628384,OG Anunoby,1610612752.0,New York,Knicks,NYK,0,0,,,,,,0,0,,,,,,1
0022400496,294,1,87,2,8:35 PM,0:14,Anunoby 3' Putback Dunk (4 PTS),,,50 - 51,1,4,1628384,OG Anunoby,1610612752.0,New York,Knicks,NYK,0,0,,,,,,0,0,,,,,,1
0022400496,295,7,2,2,8:35 PM,0:14,,,Bitadze Violation:Defensive Goaltending (B.Adair),,,5,1629048,Goga Bitadze,1610612753.0,Orlando,Magic,ORL,0,0,,,,,,1,0,,,,,,1
0022400496,296,6,1,2,8:35 PM,0:03,Bridges P.FOUL (P1.T3) (B.Adair),,,,,4,1628969,Mikal Bridges,1610612752.0,New York,Knicks,NYK,5,1630175,Cole Anthony,1610612753.0,Orlando,Magic,ORL,1,0,,,,,,1
0022400496,298,8,0,2,8:35 PM,0:03,SUB: Achiuwa FOR Brunson,,,,,4,1628973,Jalen Brunson,1610612752.0,New York,Knicks,NYK,4,1630173,Precious Achiuwa,1610612752.0,New York,Knicks,NYK,0,0,,,,,,0
0022400496,300,9,1,2,8:36 PM,0:03,,,Magic Timeout: Regular (Reg.2 Short 0),,,3,1610612753,,,,,,0,0,,,,,,0,0,,,,,,0
0022400496,301,8,0,2,8:36 PM,0:03,,,SUB: Howard FOR Isaac,,,5,1628371,Jonathan Isaac,1610612753.0,Orlando,Magic,ORL,5,1641724,Jett Howard,1610612753.0,Orlando,Magic,ORL,0,0,,,,,,0
0022400496,303,1,86,2,8:37 PM,0:01,,,Howard 24' 3PT Turnaround Fadeaway (7 PTS) (Houstan 1 AST),53 - 51,-2,5,1641724,Jett Howard,1610612753.0,Orlando,Magic,ORL,5,1631216,Caleb Houstan,1610612753.0,Orlando,Magic,ORL,0,0,,,,,,1
0022400496,305,2,78,2,8:37 PM,0:01,MISS Bridges 76' 3PT Floating Jump Shot,,,,,4,1628969,Mikal Bridges,1610612752.0,New York,Knicks,NYK,0,0,,,,,,0,0,,,,,,1
0022400496,306,4,0,2,8:37 PM,0:01,KNICKS Rebound,,,,,2,1610612752,,,,,,0,0,,,,,,0,0,,,,,,0
0022400496,307,13,0,2,8:38 PM,0:00,,End of 2nd Period (8:38 PM EST),,53 - 51,-2,0,0,,,,,,0,0,,,,,,0,0,,,,,,1
0022400496,312,12,0,3,8:53 PM,12:00,,Start of 3rd Period (8:53 PM EST),,53 - 51,-2,0,0,,,,,,0,0,,,,,,0,0,,,,,,0
0022400496,313,1,75,3,8:53 PM,11:45,,,da Silva 1' Driving Finger Roll Layup (6 PTS),55 - 51,-4,5,1641783,Tristan da Silva,1610612753.0,Orlando,Magic,ORL,0,0,,,,,,0,0,,,,,,1
0022400496,314,2,101,3,8:54 PM,11:23,MISS Brunson 4' Driving Floating Jump Shot,,Bitadze BLOCK (2 BLK),,,4,1628973,Jalen Brunson,1610612752.0,New York,Knicks,NYK,0,0,,,,,,5,1629048,Goga Bitadze,1610612753.0,Orlando,Magic,ORL,1
0022400496,316,4,0,3,8:54 PM,11:21,KNICKS Rebound,,,,,2,1610612752,,,,,,0,0,,,,,,0,0,,,,,,0
0022400496,318,2,79,3,8:54 PM,11:18,MISS Bridges 17' Pullup Jump Shot,,,,,4,1628969,Mikal Bridges,1610612752.0,New York,Knicks,NYK,0,0,,,,,,0,0,,,,,,1
0022400496,319,4,0,3,8:54 PM,11:15,,,Bitadze REBOUND (Off:1 Def:6),,,5,1629048,Goga Bitadze,1610612753.0,Orlando,Magic,ORL,0,0,,,,,,0,0,,,,,,1
0022400496,320,2,1,3,8:54 PM,11:06,,,MISS da Silva 3PT Jump Shot,,,5,1641783,Tristan da Silva,1610612753.0,Orlando,Magic,ORL,0,0,,,,,,0,0,,,,,,1
0022400496,321,4,0,3,8:54 PM,11:03,,,da Silva REBOUND (Off:1 Def:2),,,5,1641783,Tristan da Silva,1610612753.0,Orlando,Magic,ORL,0,0,,,,,,0,0,,,,,,1
0022400496,322,2,1,3,8:54 PM,11:02,,,MISS Houstan 25' 3PT Jump Shot,,,5,1631216,Caleb Houstan,1610612753.0,Orlando,Magic,ORL,0,0,,,,,,0,0,,,,,,1
0022400496,323,4,0,3,8:54 PM,10:59,Sims REBOUND (Off:2 Def:4),,,,,4,1630579,Jericho Sims,1610612752.0,New York,Knicks,NYK,0,0,,,,,,0,0,,,,,,1
0022400496,325,6,1,3,8:55 PM,10:48,,,Houstan P.FOUL (P2.T1) (C.Washington),,,5,1631216,Caleb Houstan,1610612753.0,Orlando,Magic,ORL,4,1628384,OG Anunoby,1610612752.0,New York,Knicks,NYK,1,0,,,,,,1
0022400496,327,1,63,3,8:55 PM,10:38,Anunoby 8' Fadeaway Jumper (6 PTS),,,55 - 53,-2,4,1628384,OG Anunoby,1610612752.0,New York,Knicks,NYK,0,0,,,,,,0,0,,,,,,1
0022400496,328,2,52,3,8:56 PM,10:11,,,MISS Bitadze 1' Alley Oop Dunk,,,5,1629048,Goga Bitadze,1610612753.0,Orlando,Magic,ORL,0,0,,,,,,0,0,,,,,,1
0022400496,329,4,0,3,8:56 PM,10:06,,,Caldwell-Pope REBOUND (Off:1 Def:0),,,5,203484,Kentavious Caldwell-Pope,1610612753.0,Orlando,Magic,ORL,0,0,,,,,,0,0,,,,,,1
0022400496,330,1,97,3,8:56 PM,10:06,,,Caldwell-Pope Tip Layup Shot (9 PTS),57 - 53,-4,5,203484,Kentavious Caldwell-Pope,1610612753.0,Orlando,Magic,ORL,0,0,,,,,,0,0,,,,,,1
0022400496,331,2,6,3,8:56 PM,9:51,MISS Brunson 2' Driving Layup,,,,,4,1628973,Jalen Brunson,1610612752.0,New York,Knicks,NYK,0,0,,,,,,0,0,,,,,,1
0022400496,332,4,0,3,8:56 PM,9:49,,,Caldwell-Pope REBOUND (Off:1 Def:1),,,5,203484,Kentavious Caldwell-Pope,1610612753.0,Orlando,Magic,ORL,0,0,,,,,,0,0,,,,,,1
0022400496,333,1,101,3,8:56 PM,9:44,,,Anthony 10' Driving Floating Jump Shot (12 PTS),59 - 53,-6,5,1630175,Cole Anthony,1610612753.0,Orlando,Magic,ORL,0,0,,,,,,0,0,,,,,,1
0022400496,334,1,6,3,8:57 PM,9:18,Anunoby 2' Driving Layup (8 PTS) (Sims 2 AST),,,59 - 55,-4,4,1628384,OG Anunoby,1610612752.0,New York,Knicks,NYK,4,1630579,Jericho Sims,1610612752.0,New York,Knicks,NYK,0,0,,,,,,1
0022400496,336,1,99,3,8:57 PM,9:11,,,da Silva 1' Cutting Finger Roll Layup Shot (8 PTS) (Anthony 2 AST),61 - 55,-6,5,1641783,Tristan da Silva,1610612753.0,Orlando,Magic,ORL,5,1630175,Cole Anthony,1610612753.0,Orlando,Magic,ORL,0,0,,,,,,1
0022400496,338,2,47,3,8:57 PM,8:54,MISS Anunoby 11' Turnaround Jump Shot,,,,,4,1628384,OG Anunoby,1610612752.0,New York,Knicks,NYK,0,0,,,,,,0,0,,,,,,1
0022400496,339,4,0,3,8:57 PM,8:52,Hart REBOUND (Off:2 Def:6),,,,,4,1628404,Josh Hart,1610612752.0,New York,Knicks,NYK,0,0,,,,,,0,0,,,,,,1
0022400496,340,2,1,3,8:57 PM,8:45,MISS Anunoby 24' 3PT Jump Shot,,,,,4,1628384,OG Anunoby,1610612752.0,New York,Knicks,NYK,0,0,,,,,,0,0,,,,,,1
0022400496,341,4,0,3,8:57 PM,8:42,,,Bitadze REBOUND (Off:1 Def:7),,,5,1629048,Goga Bitadze,1610612753.0,Orlando,Magic,ORL,0,0,,,,,,0,0,,,,,,1
0022400496,342,5,45,3,8:58 PM,8:34,,,Caldwell-Pope Out of Bounds - Bad Pass Turnover Turnover (P2.T7),,,5,203484,Kentavious Caldwell-Pope,1610612753.0,Orlando,Magic,ORL,0,0,,,,,,1,0,,,,,,1
0022400496,343,1,108,3,8:58 PM,8:19,Sims 1' Cutting Dunk Shot (4 PTS) (Anunoby 3 AST),,,61 - 57,-4,4,1630579,Jericho Sims,1610612752.0,New York,Knicks,NYK,4,1628384,OG Anunoby,1610612752.0,New York,Knicks,NYK,0,0,,,,,,1
0022400496,345,1,1,3,8:58 PM,7:54,,,Anthony 27' 3PT Jump Shot (15 PTS),64 - 57,-7,5,1630175,Cole Anthony,1610612753.0,Orlando,Magic,ORL,0,0,,,,,,0,0,,,,,,1
0022400496,346,2,79,3,8:59 PM,7:33,MISS Brunson 8' Pullup Jump Shot,,,,,4,1628973,Jalen Brunson,1610612752.0,New York,Knicks,NYK,0,0,,,,,,0,0,,,,,,1
0022400496,347,4,0,3,8:59 PM,7:31,,,Caldwell-Pope REBOUND (Off:1 Def:2),,,5,203484,Kentavious Caldwell-Pope,1610612753.0,Orlando,Magic,ORL,0,0,,,,,,0,0,,,,,,1
0022400496,348,6,1,3,8:59 PM,7:26,Brunson P.FOUL (P2.T1) (C.Washington),,,,,4,1628973,Jalen Brunson,1610612752.0,New York,Knicks,NYK,5,1629048,Goga Bitadze,1610612753.0,Orlando,Magic,ORL,1,0,,,,,,1
0022400496,350,9,1,3,8:59 PM,7:26,KNICKS Timeout: Regular (Full 4 Short 0),,,,,2,1610612752,,,,,,0,0,,,,,,0,0,,,,,,0
0022400496,351,8,0,3,8:59 PM,7:26,SUB: Payne FOR Brunson,,,,,4,1628973,Jalen Brunson,1610612752.0,New York,Knicks,NYK,4,1626166,Cameron Payne,1610612752.0,New York,Knicks,NYK,0,0,,,,,,0
0022400496,353,9,1,3,9:03 PM,7:12,,,Magic Timeout: Regular (Reg.3 Short 0),,,3,1610612753,,,,,,0,0,,,,,,0,0,,,,,,0
0022400496,354,2,1,3,9:06 PM,7:07,,,MISS Houstan 26' 3PT Jump Shot,,,5,1631216,Caleb Houstan,1610612753.0,Orlando,Magic,ORL,0,0,,,,,,0,0,,,,,,1
0022400496,355,4,0,3,9:06 PM,7:03,Sims REBOUND (Off:2 Def:5),,,,,4,1630579,Jericho Sims,1610612752.0,New York,Knicks,NYK,0,0,,,,,,0,0,,,,,,1
0022400496,356,2,80,3,9:06 PM,6:43,MISS Payne 26' 3PT Step Back Jump Shot,,,,,4,1626166,Cameron Payne,1610612752.0,New York,Knicks,NYK,0,0,,,,,,0,0,,,,,,1
0022400496,357,4,0,3,9:06 PM,6:40,,,Anthony REBOUND (Off:2 Def:4),,,5,1630175,Cole Anthony,1610612753.0,Orlando,Magic,ORL,0,0,,,,,,0,0,,,,,,1
0022400496,358,2,1,3,9:06 PM,6:20,,,MISS Anthony 25' 3PT Jump Shot,,,5,1630175,Cole Anthony,1610612753.0,Orlando,Magic,ORL,0,0,,,,,,0,0,,,,,,1
0022400496,359,4,0,3,9:06 PM,6:18,Hart REBOUND (Off:2 Def:7),,,,,4,1628404,Josh Hart,1610612752.0,New York,Knicks,NYK,0,0,,,,,,0,0,,,,,,1
0022400496,360,1,75,3,9:07 PM,5:54,Bridges 2' Driving Finger Roll Layup (15 PTS),,,64 - 59,-5,4,1628969,Mikal Bridges,1610612752.0,New York,Knicks,NYK,0,0,,,,,,0,0,,,,,,1
0022400496,361,6,1,3,9:08 PM,5:35,Payne P.FOUL (P1.T2) (C.Washington),,,,,4,1626166,Cameron Payne,1610612752.0,New York,Knicks,NYK,5,1629048,Goga Bitadze,1610612753.0,Orlando,Magic,ORL,1,0,,,,,,1
0022400496,363,8,0,3,9:08 PM,5:35,,,SUB: Isaac FOR Houstan,,,5,1631216,Caleb Houstan,1610612753.0,Orlando,Magic,ORL,5,1628371,Jonathan Isaac,1610612753.0,Orlando,Magic,ORL,0,0,,,,,,0
0022400496,365,1,79,3,9:08 PM,5:29,,,Anthony 27' 3PT Pullup Jump Shot (18 PTS),67 - 59,-8,5,1630175,Cole Anthony,1610612753.0,Orlando,Magic,ORL,0,0,,,,,,0,0,,,,,,1
0022400496,366,2,6,3,9:08 PM,5:07,MISS Bridges 1' Driving Layup,,Bitadze BLOCK (3 BLK),,,4,1628969,Mikal Bridges,1610612752.0,New York,Knicks,NYK,0,0,,,,,,5,1629048,Goga Bitadze,1610612753.0,Orlando,Magic,ORL,1
0022400496,368,4,0,3,9:08 PM,5:04,,,Anthony REBOUND (Off:2 Def:5),,,5,1630175,Cole Anthony,1610612753.0,Orlando,Magic,ORL,0,0,,,,,,0,0,,,,,,1
0022400496,369,2,41,3,9:08 PM,5:02,,,MISS Anthony 1' Running Layup,,,5,1630175,Cole Anthony,1610612753.0,Orlando,Magic,ORL,0,0,,,,,,0,0,,,,,,1
0022400496,370,4,0,3,9:08 PM,5:00,Sims REBOUND (Off:2 Def:6),,,,,4,1630579,Jericho Sims,1610612752.0,New York,Knicks,NYK,0,0,,,,,,0,0,,,,,,1
0022400496,371,1,98,3,9:09 PM,4:52,Bridges 1' Cutting Layup Shot (17 PTS) (Payne 2 AST),,,67 - 61,-6,4,1628969,Mikal Bridges,1610612752.0,New York,Knicks,NYK,4,1626166,Cameron Payne,1610612752.0,New York,Knicks,NYK,0,0,,,,,,1
0022400496,373,5,11,3,9:09 PM,4:25,,,Magic Turnover: Shot Clock (T#8),,,3,1610612753,,,,,,0,0,,,,,,1,0,,,,,,1
0022400496,374,8,0,3,9:09 PM,4:25,SUB: Brunson FOR Payne,,,,,4,1626166,Cameron Payne,1610612752.0,New York,Knicks,NYK,4,1628973,Jalen Brunson,1610612752.0,New York,Knicks,NYK,0,0,,,,,,0
0022400496,375,8,0,3,9:09 PM,4:25,,,SUB: Black FOR Caldwell-Pope,,,5,203484,Kentavious Caldwell-Pope,1610612753.0,Orlando,Magic,ORL,5,1641710,Anthony Black,1610612753.0,Orlando,Magic,ORL,0,0,,,,,,0
0022400496,486,5,1,3,9:10 PM,4:04,Bridges Bad Pass Turnover (P1.T7),,Black STEAL (1 STL),,,4,1628969,Mikal Bridges,1610612752.0,New York,Knicks,NYK,5,1641710,Anthony Black,1610612753.0,Orlando,Magic,ORL,0,0,,,,,,1
0022400496,380,2,6,3,9:10 PM,3:59,,,MISS Black 2' Driving Layup,,,5,1641710,Anthony Black,1610612753.0,Orlando,Magic,ORL,0,0,,,,,,0,0,,,,,,1
0022400496,381,4,0,3,9:10 PM,3:57,Hart REBOUND (Off:2 Def:8),,,,,4,1628404,Josh Hart,1610612752.0,New York,Knicks,NYK,0,0,,,,,,0,0,,,,,,1
0022400496,382,2,79,3,9:10 PM,3:51,MISS Hart 11' Pullup Jump Shot,,Isaac BLOCK (2 BLK),,,4,1628404,Josh Hart,1610612752.0,New York,Knicks,NYK,0,0,,,,,,5,1628371,Jonathan Isaac,1610612753.0,Orlando,Magic,ORL,1
0022400496,384,4,0,3,9:10 PM,3:51,Hart REBOUND (Off:3 Def:8),,,,,4,1628404,Josh Hart,1610612752.0,New York,Knicks,NYK,0,0,,,,,,0,0,,,,,,1
0022400496,385,6,1,3,9:10 PM,3:45,,,Anthony P.FOUL (P2.T2) (B.Adair),,,5,1630175,Cole Anthony,1610612753.0,Orlando,Magic,ORL,4,1628973,Jalen Brunson,1610612752.0,New York,Knicks,NYK,1,0,,,,,,1
0022400496,387,8,0,3,9:10 PM,3:45,,,SUB: Howard FOR da Silva,,,5,1641783,Tristan da Silva,1610612753.0,Orlando,Magic,ORL,5,1641724,Jett Howard,1610612753.0,Orlando,Magic,ORL,0,0,,,,,,0
0022400496,389,8,0,3,9:10 PM,3:45,,,SUB: Carter Jr. FOR Bitadze,,,5,1629048,Goga Bitadze,1610612753.0,Orlando,Magic,ORL,5,1628976,Wendell Carter Jr.,1610612753.0,Orlando,Magic,ORL,0,0,,,,,,0
0022400496,391,2,80,3,9:11 PM,3:35,MISS Brunson 19' Step Back Jump Shot,,,,,4,1628973,Jalen Brunson,1610612752.0,New York,Knicks,NYK,0,0,,,,,,0,0,,,,,,1
0022400496,392,4,0,3,9:11 PM,3:31,Brunson REBOUND (Off:1 Def:0),,,,,4,1628973,Jalen Brunson,1610612752.0,New York,Knicks,NYK,0,0,,,,,,0,0,,,,,,1
0022400496,393,1,102,3,9:11 PM,3:18,Brunson 4' Driving Floating Bank Jump Shot (14 PTS),,,67 - 63,-4,4,1628973,Jalen Brunson,1610612752.0,New York,Knicks,NYK,0,0,,,,,,0,0,,,,,,1
0022400496,394,2,1,3,9:11 PM,3:10,,,MISS Howard 25' 3PT Jump Shot,,,5,1641724,Jett Howard,1610612753.0,Orlando,Magic,ORL,0,0,,,,,,0,0,,,,,,1
0022400496,395,4,0,3,9:11 PM,3:07,Sims REBOUND (Off:2 Def:7),,,,,4,1630579,Jericho Sims,1610612752.0,New York,Knicks,NYK,0,0,,,,,,0,0,,,,,,1
0022400496,396,1,6,3,9:12 PM,2:46,Brunson 6' Driving Layup (16 PTS),,,67 - 65,-2,4,1628973,Jalen Brunson,1610612752.0,New York,Knicks,NYK,0,0,,,,,,0,0,,,,,,1
0022400496,397,5,1,3,9:12 PM,2:25,Hart STEAL (2 STL),,Howard Bad Pass Turnover (P1.T9),,,5,1641724,Jett Howard,1610612753.0,Orlando,Magic,ORL,4,1628404,Josh Hart,1610612752.0,New York,Knicks,NYK,0,0,,,,,,1
0022400496,399,5,2,3,9:12 PM,2:20,Hart Lost Ball Turnover (P1.T8),,Black STEAL (2 STL),,,4,1628404,Josh Hart,1610612752.0,New York,Knicks,NYK,5,1641710,Anthony Black,1610612753.0,Orlando,Magic,ORL,0,0,,,,,,1
0022400496,401,1,2,3,9:12 PM,2:14,,,Isaac 3PT Running Jump Shot (11 PTS) (Black 1 AST),70 - 65,-5,5,1628371,Jonathan Isaac,1610612753.0,Orlando,Magic,ORL,5,1641710,Anthony Black,1610612753.0,Orlando,Magic,ORL,0,0,,,,,,1
0022400496,403,6,4,3,9:13 PM,1:57,Brunson OFF.Foul (P3) (C.Washington),,,,,4,1628973,Jalen Brunson,1610612752.0,New York,Knicks,NYK,5,1641710,Anthony Black,1610612753.0,Orlando,Magic,ORL,1,0,,,,,,1
0022400496,405,5,37,3,9:13 PM,1:57,Brunson Offensive Foul Turnover (P2.T9),,,,,4,1628973,Jalen Brunson,1610612752.0,New York,Knicks,NYK,0,0,,,,,,1,0,,,,,,1
0022400496,407,8,0,3,9:13 PM,1:57,SUB: Shamet FOR Hart,,,,,4,1628404,Josh Hart,1610612752.0,New York,Knicks,NYK,4,1629013,Landry Shamet,1610612752.0,New York,Knicks,NYK,0,0,,,,,,0
0022400496,408,8,0,3,9:13 PM,1:57,SUB: Achiuwa FOR Anunoby,,,,,4,1628384,OG Anunoby,1610612752.0,New York,Knicks,NYK,4,1630173,Precious Achiuwa,1610612752.0,New York,Knicks,NYK,0,0,,,,,,0
0022400496,409,8,0,3,9:13 PM,1:57,,,SUB: Queen FOR Anthony,,,5,1630175,Cole Anthony,1610612753.0,Orlando,Magic,ORL,5,1630243,Trevelin Queen,1610612753.0,Orlando,Magic,ORL,0,0,,,,,,0
0022400496,406,18,3,3,9:14 PM,1:57,,Instant Replay3rd Period (9:14 PM EST),,70 - 65,-5,0,403,,,,,,0,0,,,,,,1,0,,,,,,0
0022400496,413,1,1,3,9:15 PM,1:41,,,Carter Jr. 26' 3PT Jump Shot (10 PTS) (Black 2 AST),73 - 65,-8,5,1628976,Wendell Carter Jr.,1610612753.0,Orlando,Magic,ORL,5,1641710,Anthony Black,1610612753.0,Orlando,Magic,ORL,0,0,,,,,,1
0022400496,415,6,1,3,9:16 PM,1:26,,,Howard P.FOUL (P3.T3) (T.Maddox),,,5,1641724,Jett Howard,1610612753.0,Orlando,Magic,ORL,4,1630579,Jericho Sims,1610612752.0,New York,Knicks,NYK,1,0,,,,,,1
0022400496,417,2,79,3,9:16 PM,1:12,MISS Brunson 26' 3PT Pullup Jump Shot,,,,,4,1628973,Jalen Brunson,1610612752.0,New York,Knicks,NYK,0,0,,,,,,0,0,,,,,,1
0022400496,418,4,0,3,9:16 PM,1:08,,,Isaac REBOUND (Off:4 Def:3),,,5,1628371,Jonathan Isaac,1610612753.0,Orlando,Magic,ORL,0,0,,,,,,0,0,,,,,,1
0022400496,419,6,2,3,9:17 PM,0:58,Shamet S.FOUL (P2.T3) (B.Adair),,,,,4,1629013,Landry Shamet,1610612752.0,New York,Knicks,NYK,5,1641710,Anthony Black,1610612753.0,Orlando,Magic,ORL,1,0,,,,,,1
0022400496,421,3,11,3,9:17 PM,0:58,,,Black Free Throw 1 of 2 (5 PTS),74 - 65,-9,5,1641710,Anthony Black,1610612753.0,Orlando,Magic,ORL,0,0,,,,,,0,0,,,,,,1
0022400496,422,3,12,3,9:17 PM,0:58,,,Black Free Throw 2 of 2 (6 PTS),75 - 65,-10,5,1641710,Anthony Black,1610612753.0,Orlando,Magic,ORL,0,0,,,,,,0,0,,,,,,1
0022400496,423,1,63,3,9:18 PM,0:36,Achiuwa 10' Fadeaway Jumper (8 PTS) (Bridges 2 AST),,,75 - 67,-8,4,1630173,Precious Achiuwa,1610612752.0,New York,Knicks,NYK,4,1628969,Mikal Bridges,1610612752.0,New York,Knicks,NYK,0,0,,,,,,1
0022400496,426,2,1,3,9:19 PM,0:16,,,MISS Queen 26' 3PT Jump Shot,,,5,1630243,Trevelin Queen,1610612753.0,Orlando,Magic,ORL,0,0,,,,,,0,0,,,,,,1
0022400496,427,4,0,3,9:19 PM,0:13,Sims REBOUND (Off:2 Def:8),,,,,4,1630579,Jericho Sims,1610612752.0,New York,Knicks,NYK,0,0,,,,,,0,0,,,,,,1
0022400496,428,6,2,3,9:19 PM,0:00,,,Queen S.FOUL (P1.PN) (T.Maddox),,,5,1630243,Trevelin Queen,1610612753.0,Orlando,Magic,ORL,4,1628969,Mikal Bridges,1610612752.0,New York,Knicks,NYK,1,0,,,,,,1
0022400496,430,3,11,3,9:19 PM,0:00,Bridges Free Throw 1 of 2 (18 PTS),,,75 - 68,-7,4,1628969,Mikal Bridges,1610612752.0,New York,Knicks,NYK,0,0,,,,,,0,0,,,,,,1
0022400496,431,3,12,3,9:19 PM,0:00,MISS Bridges Free Throw 2 of 2,,,,,4,1628969,Mikal Bridges,1610612752.0,New York,Knicks,NYK,0,0,,,,,,0,0,,,,,,1
0022400496,432,4,0,3,9:19 PM,0:00,KNICKS Rebound,,,,,2,1610612752,,,,,,0,0,,,,,,0,0,,,,,,0
0022400496,433,13,0,3,9:20 PM,0:00,,End of 3rd Period (9:20 PM EST),,75 - 68,-7,0,0,,,,,,0,0,,,,,,0,0,,,,,,1
0022400496,436,12,0,4,9:23 PM,12:00,,Start of 4th Period (9:23 PM EST),,75 - 68,-7,0,0,,,,,,0,0,,,,,,0,0,,,,,,0
0022400496,437,6,2,4,9:23 PM,11:49,,,Queen S.FOUL (P2.T1) (C.Washington),,,5,1630243,Trevelin Queen,1610612753.0,Orlando,Magic,ORL,4,1628973,Jalen Brunson,1610612752.0,New York,Knicks,NYK,1,0,,,,,,1
0022400496,439,3,11,4,9:23 PM,11:49,MISS Brunson Free Throw 1 of 2,,,,,4,1628973,Jalen Brunson,1610612752.0,New York,Knicks,NYK,0,0,,,,,,0,0,,,,,,1
0022400496,440,4,1,4,9:23 PM,11:49,KNICKS Rebound,,,,,2,1610612752,,,,,,0,0,,,,,,0,0,,,,,,0
0022400496,441,3,12,4,9:23 PM,11:49,MISS Brunson Free Throw 2 of 2,,,,,4,1628973,Jalen Brunson,1610612752.0,New York,Knicks,NYK,0,0,,,,,,0,0,,,,,,1
0022400496,442,4,0,4,9:23 PM,11:47,,,Isaac REBOUND (Off:4 Def:4),,,5,1628371,Jonathan Isaac,1610612753.0,Orlando,Magic,ORL,0,0,,,,,,0,0,,,,,,1
0022400496,443,6,1,4,9:24 PM,11:29,Achiuwa P.FOUL (P3.T1) (C.Washington),,,,,4,1630173,Precious Achiuwa,1610612752.0,New York,Knicks,NYK,5,1628976,Wendell Carter Jr.,1610612753.0,Orlando,Magic,ORL,1,0,,,,,,1
0022400496,445,1,1,4,9:25 PM,11:20,,,Carter Jr. 8' Jump Shot (12 PTS) (Black 3 AST),77 - 68,-9,5,1628976,Wendell Carter Jr.,1610612753.0,Orlando,Magic,ORL,5,1641710,Anthony Black,1610612753.0,Orlando,Magic,ORL,0,0,,,,,,1
0022400496,447,1,79,4,9:25 PM,10:58,Bridges 15' Pullup Jump Shot (20 PTS),,,77 - 70,-7,4,1628969,Mikal Bridges,1610612752.0,New York,Knicks,NYK,0,0,,,,,,0,0,,,,,,1
0022400496,448,6,1,4,9:25 PM,10:43,Brunson P.FOUL (P4.T2) (C.Washington),,,,,4,1628973,Jalen Brunson,1610612752.0,New York,Knicks,NYK,5,1641710,Anthony Black,1610612753.0,Orlando,Magic,ORL,1,0,,,,,,1
0022400496,450,6,2,4,9:26 PM,10:37,Hart S.FOUL (P1.T3) (T.Maddox),,,,,4,1628404,Josh Hart,1610612752.0,New York,Knicks,NYK,5,1628371,Jonathan Isaac,1610612753.0,Orlando,Magic,ORL,1,0,,,,,,1
0022400496,452,3,11,4,9:26 PM,10:37,,,Isaac Free Throw 1 of 2 (12 PTS),78 - 70,-8,5,1628371,Jonathan Isaac,1610612753.0,Orlando,Magic,ORL,0,0,,,,,,0,0,,,,,,1
0022400496,453,3,12,4,9:27 PM,10:37,,,Isaac Free Throw 2 of 2 (13 PTS),79 - 70,-9,5,1628371,Jonathan Isaac,1610612753.0,Orlando,Magic,ORL,0,0,,,,,,0,0,,,,,,1
0022400496,454,2,1,4,9:27 PM,10:14,MISS Bridges 27' 3PT Jump Shot,,,,,4,1628969,Mikal Bridges,1610612752.0,New York,Knicks,NYK,0,0,,,,,,0,0,,,,,,1
0022400496,455,4,0,4,9:27 PM,10:11,,,Isaac REBOUND (Off:4 Def:5),,,5,1628371,Jonathan Isaac,1610612753.0,Orlando,Magic,ORL,0,0,,,,,,0,0,,,,,,1
0022400496,456,2,79,4,9:27 PM,9:55,,,MISS Carter Jr. 17' Pullup Jump Shot,,,5,1628976,Wendell Carter Jr.,1610612753.0,Orlando,Magic,ORL,0,0,,,,,,0,0,,,,,,1
0022400496,457,4,0,4,9:27 PM,9:51,Hart REBOUND (Off:3 Def:9),,,,,4,1628404,Josh Hart,1610612752.0,New York,Knicks,NYK,0,0,,,,,,0,0,,,,,,1
0022400496,458,1,76,4,9:28 PM,9:46,Hart 1' Running Finger Roll Layup (11 PTS),,,79 - 72,-7,4,1628404,Josh Hart,1610612752.0,New York,Knicks,NYK,0,0,,,,,,0,0,,,,,,1
0022400496,459,1,79,4,9:28 PM,9:30,,,Howard 15' Pullup Jump Shot (9 PTS) (Black 4 AST),81 - 72,-9,5,1641724,Jett Howard,1610612753.0,Orlando,Magic,ORL,5,1641710,Anthony Black,1610612753.0,Orlando,Magic,ORL,0,0,,,,,,1
0022400496,461,1,86,4,9:28 PM,9:13,Bridges 10' Turnaround Fadeaway (22 PTS),,,81 - 74,-7,4,1628969,Mikal Bridges,1610612752.0,New York,Knicks,NYK,0,0,,,,,,0,0,,,,,,1
0022400496,462,2,79,4,9:28 PM,8:54,,,MISS Howard 18' Pullup Jump Shot,,,5,1641724,Jett Howard,1610612753.0,Orlando,Magic,ORL,0,0,,,,,,0,0,,,,,,1
0022400496,463,4,0,4,9:28 PM,8:51,Hart REBOUND (Off:3 Def:10),,,,,4,1628404,Josh Hart,1610612752.0,New York,Knicks,NYK,0,0,,,,,,0,0,,,,,,1
0022400496,464,6,2,4,9:29 PM,8:47,,,Queen S.FOUL (P3.T2) (T.Maddox),,,5,1630243,Trevelin Queen,1610612753.0,Orlando,Magic,ORL,4,1628404,Josh Hart,1610612752.0,New York,Knicks,NYK,1,0,,,,,,1
0022400496,467,8,0,4,9:29 PM,8:47,SUB: Anunoby FOR Shamet,,,,,4,1629013,Landry Shamet,1610612752.0,New York,Knicks,NYK,4,1628384,OG Anunoby,1610612752.0,New York,Knicks,NYK,0,0,,,,,,0
0022400496,468,8,0,4,9:29 PM,8:47,,,SUB: Caldwell-Pope FOR Queen,,,5,1630243,Trevelin Queen,1610612753.0,Orlando,Magic,ORL,5,203484,Kentavious Caldwell-Pope,1610612753.0,Orlando,Magic,ORL,0,0,,,,,,0
0022400496,469,8,0,4,9:29 PM,8:47,,,SUB: da Silva FOR Howard,,,5,1641724,Jett Howard,1610612753.0,Orlando,Magic,ORL,5,1641783,Tristan da Silva,1610612753.0,Orlando,Magic,ORL,0,0,,,,,,0
0022400496,466,3,11,4,9:29 PM,8:47,Hart Free Throw 1 of 2 (12 PTS),,,81 - 75,-6,4,1628404,Josh Hart,1610612752.0,New York,Knicks,NYK,0,0,,,,,,0,0,,,,,,1
0022400496,473,3,12,4,9:29 PM,8:47,Hart Free Throw 2 of 2 (13 PTS),,,81 - 76,-5,4,1628404,Josh Hart,1610612752.0,New York,Knicks,NYK,0,0,,,,,,0,0,,,,,,1
0022400496,474,1,99,4,9:30 PM,8:33,,,Carter Jr. 3' Cutting Finger Roll Layup Shot (14 PTS) (Black 5 AST),83 - 76,-7,5,1628976,Wendell Carter Jr.,1610612753.0,Orlando,Magic,ORL,5,1641710,Anthony Black,1610612753.0,Orlando,Magic,ORL,0,0,,,,,,1
0022400496,476,2,79,4,9:30 PM,8:22,MISS Brunson 6' Pullup Jump Shot,,,,,4,1628973,Jalen Brunson,1610612752.0,New York,Knicks,NYK,0,0,,,,,,0,0,,,,,,1
0022400496,477,4,0,4,9:30 PM,8:19,,,Black REBOUND (Off:0 Def:1),,,5,1641710,Anthony Black,1610612753.0,Orlando,Magic,ORL,0,0,,,,,,0,0,,,,,,1
0022400496,478,2,101,4,9:30 PM,8:13,,,MISS Black 4' Driving Floating Jump Shot,,,5,1641710,Anthony Black,1610612753.0,Orlando,Magic,ORL,0,0,,,,,,0,0,,,,,,1
0022400496,479,4,0,4,9:30 PM,8:11,Bridges REBOUND (Off:0 Def:5),,,,,4,1628969,Mikal Bridges,1610612752.0,New York,Knicks,NYK,0,0,,,,,,0,0,,,,,,1
0022400496,480,1,63,4,9:30 PM,7:53,Bridges 9' Fadeaway Jumper (24 PTS),,,83 - 78,-5,4,1628969,Mikal Bridges,1610612752.0,New York,Knicks,NYK,0,0,,,,,,0,0,,,,,,1
0022400496,482,1,1,4,9:31 PM,7:29,,,Caldwell-Pope 25' 3PT Jump Shot (12 PTS) (da Silva 2 AST),86 - 78,-8,5,203484,Kentavious Caldwell-Pope,1610612753.0,Orlando,Magic,ORL,5,1641783,Tristan da Silva,1610612753.0,Orlando,Magic,ORL,0,0,,,,,,1
0022400496,484,2,102,4,9:31 PM,7:09,MISS Bridges 2' Driving Floating Bank Jump Shot,,,,,4,1628969,Mikal Bridges,1610612752.0,New York,Knicks,NYK,0,0,,,,,,0,0,,,,,,1
0022400496,485,4,0,4,9:31 PM,7:07,,,Carter Jr. REBOUND (Off:0 Def:2),,,5,1628976,Wendell Carter Jr.,1610612753.0,Orlando,Magic,ORL,0,0,,,,,,0,0,,,,,,1
0022400496,488,1,1,4,9:31 PM,6:55,,,Carter Jr. 15' Jump Shot (16 PTS) (Caldwell-Pope 2 AST),88 - 78,-10,5,1628976,Wendell Carter Jr.,1610612753.0,Orlando,Magic,ORL,5,203484,Kentavious Caldwell-Pope,1610612753.0,Orlando,Magic,ORL,0,0,,,,,,1
0022400496,490,2,1,4,9:32 PM,6:33,MISS Hart 25' 3PT Jump Shot,,,,,4,1628404,Josh Hart,1610612752.0,New York,Knicks,NYK,0,0,,,,,,0,0,,,,,,1
0022400496,491,4,0,4,9:32 PM,6:32,,,da Silva REBOUND (Off:1 Def:3),,,5,1641783,Tristan da Silva,1610612753.0,Orlando,Magic,ORL,0,0,,,,,,0,0,,,,,,1
0022400496,492,9,1,4,9:32 PM,6:26,,,Magic Timeout: Regular (Reg.4 Short 0),,,3,1610612753,,,,,,0,0,,,,,,0,0,,,,,,0
0022400496,493,8,0,4,9:32 PM,6:26,SUB: Shamet FOR Bridges,,,,,4,1628969,Mikal Bridges,1610612752.0,New York,Knicks,NYK,4,1629013,Landry Shamet,1610612752.0,New York,Knicks,NYK,0,0,,,,,,0
0022400496,494,8,0,4,9:32 PM,6:26,,,SUB: Anthony FOR Isaac,,,5,1628371,Jonathan Isaac,1610612753.0,Orlando,Magic,ORL,5,1630175,Cole Anthony,1610612753.0,Orlando,Magic,ORL,0,0,,,,,,0
0022400496,497,2,75,4,9:35 PM,6:20,,,MISS Black 3' Driving Finger Roll Layup,,,5,1641710,Anthony Black,1610612753.0,Orlando,Magic,ORL,0,0,,,,,,0,0,,,,,,1
0022400496,498,4,0,4,9:35 PM,6:17,Shamet REBOUND (Off:0 Def:1),,,,,4,1629013,Landry Shamet,1610612752.0,New York,Knicks,NYK,0,0,,,,,,0,0,,,,,,1
0022400496,499,1,7,4,9:35 PM,6:02,Achiuwa 1' Dunk (10 PTS) (Brunson 4 AST),,,88 - 80,-8,4,1630173,Precious Achiuwa,1610612752.0,New York,Knicks,NYK,4,1628973,Jalen Brunson,1610612752.0,New York,Knicks,NYK,0,0,,,,,,1
0022400496,501,5,2,4,9:36 PM,5:44,Brunson STEAL (1 STL),,Black Lost Ball Turnover (P1.T10),,,5,1641710,Anthony Black,1610612753.0,Orlando,Magic,ORL,4,1628973,Jalen Brunson,1610612752.0,New York,Knicks,NYK,0,0,,,,,,1
0022400496,503,1,101,4,9:36 PM,5:37,Brunson 5' Driving Floating Jump Shot (18 PTS) (Hart 2 AST),,,88 - 82,-6,4,1628973,Jalen Brunson,1610612752.0,New York,Knicks,NYK,4,1628404,Josh Hart,1610612752.0,New York,Knicks,NYK,0,0,,,,,,1
0022400496,509,2,1,4,9:36 PM,5:13,Hart BLOCK (1 BLK),,MISS Carter Jr. 12' Jump Shot,,,5,1628976,Wendell Carter Jr.,1610612753.0,Orlando,Magic,ORL,0,0,,,,,,4,1628404,Josh Hart,1610612752.0,New York,Knicks,NYK,1
0022400496,511,4,0,4,9:36 PM,5:13,KNICKS Rebound,,,,,2,1610612752,,,,,,0,0,,,,,,0,0,,,,,,0
0022400496,507,9,1,4,9:37 PM,5:13,KNICKS Timeout: Regular (Full 5 Short 0),,,,,2,1610612752,,,,,,0,0,,,,,,0,0,,,,,,0
0022400496,508,18,5,4,9:37 PM,5:13,,Instant Replay4th Period (9:37 PM EST),,88 - 82,-6,0,505,,,,,,0,0,,,,,,1,0,,,,,,1
0022400496,512,2,47,4,9:40 PM,4:56,MISS Anunoby 6' Turnaround Jump Shot,,,,,4,1628384,OG Anunoby,1610612752.0,New York,Knicks,NYK,0,0,,,,,,0,0,,,,,,1
0022400496,513,4,0,4,9:40 PM,4:54,,,da Silva REBOUND (Off:1 Def:4),,,5,1641783,Tristan da Silva,1610612753.0,Orlando,Magic,ORL,0,0,,,,,,0,0,,,,,,1
0022400496,514,1,1,4,9:40 PM,4:30,,,Caldwell-Pope 25' 3PT Jump Shot (15 PTS) (Anthony 3 AST),91 - 82,-9,5,203484,Kentavious Caldwell-Pope,1610612753.0,Orlando,Magic,ORL,5,1630175,Cole Anthony,1610612753.0,Orlando,Magic,ORL,0,0,,,,,,1
0022400496,516,6,2,4,9:41 PM,4:19,,,Anthony S.FOUL (P3.T3) (C.Washington),,,5,1630175,Cole Anthony,1610612753.0,Orlando,Magic,ORL,4,1628973,Jalen Brunson,1610612752.0,New York,Knicks,NYK,1,0,,,,,,1
0022400496,518,8,0,4,9:41 PM,4:19,SUB: Bridges FOR Shamet,,,,,4,1629013,Landry Shamet,1610612752.0,New York,Knicks,NYK,4,1628969,Mikal Bridges,1610612752.0,New York,Knicks,NYK,0,0,,,,,,0
0022400496,520,3,11,4,9:41 PM,4:19,Brunson Free Throw 1 of 2 (19 PTS),,,91 - 83,-8,4,1628973,Jalen Brunson,1610612752.0,New York,Knicks,NYK,0,0,,,,,,0,0,,,,,,1
0022400496,522,3,12,4,9:42 PM,4:19,Brunson Free Throw 2 of 2 (20 PTS),,,91 - 84,-7,4,1628973,Jalen Brunson,1610612752.0,New York,Knicks,NYK,0,0,,,,,,0,0,,,,,,1
0022400496,523,6,2,4,9:42 PM,4:07,Brunson S.FOUL (P5.T4) (C.Washington),,,,,4,1628973,Jalen Brunson,1610612752.0,New York,Knicks,NYK,5,1641710,Anthony Black,1610612753.0,Orlando,Magic,ORL,1,0,,,,,,1
0022400496,525,3,11,4,9:43 PM,4:07,,,MISS Black Free Throw 1 of 2,,,5,1641710,Anthony Black,1610612753.0,Orlando,Magic,ORL,0,0,,,,,,0,0,,,,,,1
0022400496,526,4,1,4,9:43 PM,4:07,,,Magic Rebound,,,3,1610612753,,,,,,0,0,,,,,,0,0,,,,,,0
0022400496,527,3,12,4,9:43 PM,4:07,,,Black Free Throw 2 of 2 (7 PTS),92 - 84,-8,5,1641710,Anthony Black,1610612753.0,Orlando,Magic,ORL,0,0,,,,,,0,0,,,,,,1
0022400496,528,5,2,4,9:43 PM,3:49,Bridges Lost Ball Turnover (P2.T10),,Carter Jr. STEAL (1 STL),,,4,1628969,Mikal Bridges,1610612752.0,New York,Knicks,NYK,5,1628976,Wendell Carter Jr.,1610612753.0,Orlando,Magic,ORL,0,0,,,,,,1
0022400496,530,2,9,4,9:44 PM,3:30,,,MISS Black 1' Driving Dunk,,,5,1641710,Anthony Black,1610612753.0,Orlando,Magic,ORL,0,0,,,,,,0,0,,,,,,1
0022400496,531,4,0,4,9:44 PM,3:28,Achiuwa REBOUND (Off:1 Def:1),,,,,4,1630173,Precious Achiuwa,1610612752.0,New York,Knicks,NYK,0,0,,,,,,0,0,,,,,,1
0022400496,532,5,1,4,9:44 PM,3:26,Achiuwa Bad Pass Turnover (P1.T11),,Caldwell-Pope STEAL (2 STL),,,4,1630173,Precious Achiuwa,1610612752.0,New York,Knicks,NYK,5,203484,Kentavious Caldwell-Pope,1610612753.0,Orlando,Magic,ORL,0,0,,,,,,1
0022400496,534,1,1,4,9:44 PM,3:06,,,Carter Jr. 26' 3PT Jump Shot (19 PTS) (Anthony 4 AST),95 - 84,-11,5,1628976,Wendell Carter Jr.,1610612753.0,Orlando,Magic,ORL,5,1630175,Cole Anthony,1610612753.0,Orlando,Magic,ORL,0,0,,,,,,1
0022400496,536,9,1,4,9:44 PM,3:04,KNICKS Timeout: Regular (Full 6 Short 0),,,,,2,1610612752,,,,,,0,0,,,,,,0,0,,,,,,0
0022400496,537,9,1,4,9:46 PM,3:04,,,Magic Timeout: Regular (Reg.5 Short 0),,,3,1610612753,,,,,,0,0,,,,,,0,0,,,,,,0
0022400496,538,1,6,4,9:48 PM,2:50,Brunson 1' Driving Layup (22 PTS),,,95 - 86,-9,4,1628973,Jalen Brunson,1610612752.0,New York,Knicks,NYK,0,0,,,,,,0,0,,,,,,1
0022400496,539,1,1,4,9:48 PM,2:27,,,Anthony 27' 3PT Jump Shot (21 PTS) (Carter Jr. 4 AST),98 - 86,-12,5,1630175,Cole Anthony,1610612753.0,Orlando,Magic,ORL,5,1628976,Wendell Carter Jr.,1610612753.0,Orlando,Magic,ORL,0,0,,,,,,1
0022400496,541,6,2,4,9:48 PM,2:09,,,Caldwell-Pope S.FOUL (P2.T4) (T.Maddox),,,5,203484,Kentavious Caldwell-Pope,1610612753.0,Orlando,Magic,ORL,4,1628384,OG Anunoby,1610612752.0,New York,Knicks,NYK,1,0,,,,,,1
0022400496,545,8,0,4,9:48 PM,2:09,SUB: Shamet FOR Achiuwa,,,,,4,1630173,Precious Achiuwa,1610612752.0,New York,Knicks,NYK,4,1629013,Landry Shamet,1610612752.0,New York,Knicks,NYK,0,0,,,,,,0
0022400496,543,3,11,4,9:49 PM,2:09,MISS Anunoby Free Throw 1 of 2,,,,,4,1628384,OG Anunoby,1610612752.0,New York,Knicks,NYK,0,0,,,,,,0,0,,,,,,1
0022400496,544,4,1,4,9:49 PM,2:09,KNICKS Rebound,,,,,2,1610612752,,,,,,0,0,,,,,,0,0,,,,,,0
0022400496,547,3,12,4,9:49 PM,2:09,Anunoby Free Throw 2 of 2 (9 PTS),,,98 - 87,-11,4,1628384,OG Anunoby,1610612752.0,New York,Knicks,NYK,0,0,,,,,,0,0,,,,,,1
0022400496,548,2,47,4,9:50 PM,1:45,Anunoby BLOCK (1 BLK),,MISS da Silva 26' 3PT Turnaround Jump Shot,,,5,1641783,Tristan da Silva,1610612753.0,Orlando,Magic,ORL,0,0,,,,,,4,1628384,OG Anunoby,1610612752.0,New York,Knicks,NYK,1
0022400496,550,4,0,4,9:50 PM,1:42,Hart REBOUND (Off:3 Def:11),,,,,4,1628404,Josh Hart,1610612752.0,New York,Knicks,NYK,0,0,,,,,,0,0,,,,,,1
0022400496,551,2,2,4,9:50 PM,1:40,MISS Bridges 25' 3PT Running Jump Shot,,,,,4,1628969,Mikal Bridges,1610612752.0,New York,Knicks,NYK,0,0,,,,,,0,0,,,,,,1
0022400496,552,4,0,4,9:50 PM,1:36,,,Caldwell-Pope REBOUND (Off:1 Def:3),,,5,203484,Kentavious Caldwell-Pope,1610612753.0,Orlando,Magic,ORL,0,0,,,,,,0,0,,,,,,1
0022400496,553,6,1,4,9:50 PM,1:26,Hart P.FOUL (P2.PN) (B.Adair),,,,,4,1628404,Josh Hart,1610612752.0,New York,Knicks,NYK,5,1630175,Cole Anthony,1610612753.0,Orlando,Magic,ORL,1,0,,,,,,1
0022400496,555,3,11,4,9:51 PM,1:26,,,MISS Anthony Free Throw 1 of 2,,,5,1630175,Cole Anthony,1610612753.0,Orlando,Magic,ORL,0,0,,,,,,0,0,,,,,,1
0022400496,556,4,1,4,9:51 PM,1:26,,,Magic Rebound,,,3,1610612753,,,,,,0,0,,,,,,0,0,,,,,,0
0022400496,557,3,12,4,9:51 PM,1:26,,,Anthony Free Throw 2 of 2 (22 PTS),99 - 87,-12,5,1630175,Cole Anthony,1610612753.0,Orlando,Magic,ORL,0,0,,,,,,0,0,,,,,,1
0022400496,558,2,6,4,9:51 PM,1:19,MISS Brunson 2' Driving Layup,,,,,4,1628973,Jalen Brunson,1610612752.0,New York,Knicks,NYK,0,0,,,,,,0,0,,,,,,1
0022400496,559,4,0,4,9:51 PM,1:17,,,da Silva REBOUND (Off:1 Def:5),,,5,1641783,Tristan da Silva,1610612753.0,Orlando,Magic,ORL,0,0,,,,,,0,0,,,,,,1
0022400496,561,5,10,4,9:51 PM,1:11,,,Magic Turnover: 8 Second Violation (T#11),,,3,1610612753,,,,,,0,0,,,,,,1,0,,,,,,1
0022400496,562,6,2,4,9:52 PM,1:06,,,Black S.FOUL (P3.PN) (B.Adair),,,5,1641710,Anthony Black,1610612753.0,Orlando,Magic,ORL,4,1628973,Jalen Brunson,1610612752.0,New York,Knicks,NYK,1,0,,,,,,1
0022400496,564,3,11,4,9:52 PM,1:06,Brunson Free Throw 1 of 2 (23 PTS),,,99 - 88,-11,4,1628973,Jalen Brunson,1610612752.0,New York,Knicks,NYK,0,0,,,,,,0,0,,,,,,1
0022400496,565,3,12,4,9:53 PM,1:06,Brunson Free Throw 2 of 2 (24 PTS),,,99 - 89,-10,4,1628973,Jalen Brunson,1610612752.0,New York,Knicks,NYK,0,0,,,,,,0,0,,,,,,1
0022400496,566,6,1,4,9:53 PM,1:05,Brunson P.FOUL (P6.PN) (C.Washington),,,,,4,1628973,Jalen Brunson,1610612752.0,New York,Knicks,NYK,5,1630175,Cole Anthony,1610612753.0,Orlando,Magic,ORL,1,0,,,,,,1
0022400496,568,8,0,4,9:53 PM,1:05,SUB: Payne FOR Brunson,,,,,4,1628973,Jalen Brunson,1610612752.0,New York,Knicks,NYK,4,1626166,Cameron Payne,1610612752.0,New York,Knicks,NYK,0,0,,,,,,0
0022400496,570,9,1,4,9:53 PM,1:05,KNICKS Timeout: Regular (Full 7 Short 0),,,,,2,1610612752,,,,,,0,0,,,,,,0,0,,,,,,0
0022400496,571,18,6,4,9:53 PM,1:05,,Instant Replay4th Period (9:53 PM EST),,99 - 89,-10,0,566,,,,,,0,0,,,,,,1,0,,,,,,1
0022400496,572,3,11,4,9:56 PM,1:05,,,Anthony Free Throw 1 of 2 (23 PTS),100 - 89,-11,5,1630175,Cole Anthony,1610612753.0,Orlando,Magic,ORL,0,0,,,,,,0,0,,,,,,1
0022400496,573,3,12,4,9:56 PM,1:05,,,Anthony Free Throw 2 of 2 (24 PTS),101 - 89,-12,5,1630175,Cole Anthony,1610612753.0,Orlando,Magic,ORL,0,0,,,,,,0,0,,,,,,1
0022400496,574,1,47,4,9:56 PM,0:56,Hart 4' Turnaround Jump Shot (15 PTS),,,101 - 91,-10,4,1628404,Josh Hart,1610612752.0,New York,Knicks,NYK,0,0,,,,,,0,0,,,,,,1
0022400496,575,6,1,4,9:57 PM,0:45,Bridges P.FOUL (P2.PN) (T.Maddox),,,,,4,1628969,Mikal Bridges,1610612752.0,New York,Knicks,NYK,5,1641710,Anthony Black,1610612753.0,Orlando,Magic,ORL,1,0,,,,,,1
0022400496,577,3,11,4,9:57 PM,0:45,,,Black Free Throw 1 of 2 (8 PTS),102 - 91,-11,5,1641710,Anthony Black,1610612753.0,Orlando,Magic,ORL,0,0,,,,,,0,0,,,,,,1
0022400496,578,3,12,4,9:57 PM,0:45,,,Black Free Throw 2 of 2 (9 PTS),103 - 91,-12,5,1641710,Anthony Black,1610612753.0,Orlando,Magic,ORL,0,0,,,,,,0,0,,,,,,1
0022400496,579,5,2,4,9:57 PM,0:40,Payne Lost Ball Turnover (P2.T12),,Caldwell-Pope STEAL (3 STL),,,4,1626166,Cameron Payne,1610612752.0,New York,Knicks,NYK,5,203484,Kentavious Caldwell-Pope,1610612753.0,Orlando,Magic,ORL,0,0,,,,,,1
0022400496,581,5,11,4,9:58 PM,0:16,,,Magic Turnover: Shot Clock (T#12),,,3,1610612753,,,,,,0,0,,,,,,1,0,,,,,,1
0022400496,582,1,79,4,9:58 PM,0:08,Payne 25' 3PT Pullup Jump Shot (8 PTS),,,103 - 94,-9,4,1626166,Cameron Payne,1610612752.0,New York,Knicks,NYK,0,0,,,,,,0,0,,,,,,1
0022400496,583,13,0,4,9:58 PM,0:00,,End of 4th Period (9:58 PM EST),,103 - 94,-9,0,0,,,,,,0,0,,,,,,0,0,,,,,,1
