GAME_ID,EVENTNUM,EVENTMSGTYPE,EVENTMSGACTIONTYPE,PERIOD,WCTIMESTRING,PCTIMESTRING,HOMEDESCRIPTION,NEUTRALDESCRIPTION,VISITORDESCRIPTION,SCORE,SCOREMARGIN,PERSON1TYPE,PLAYER1_ID,PLAYER1_NAME,PLAYER1_TEAM_ID,PLAYER1_TEAM_CITY,PLAYER1_TEAM_NICKNAME,PLAYER1_TEAM_ABBREVIATION,PERSON2TYPE,PLAYER2_ID,PLAYER2_NAME,PLAYER2_TEAM_ID,PLAYER2_TEAM_CITY,PLAYER2_TEAM_NICKNAME,PLAYER2_TEAM_ABBREVIATION,PERSON3TYPE,PLAYER3_ID,PLAYER3_NAME,PLAYER3_TEAM_ID,PLAYER3_TEAM_CITY,PLAYER3_TEAM_NICKNAME,PLAYER3_TEAM_ABBREVIATION,VIDEO_AVAILABLE_FLAG
0022300204,2,12,0,1,8:11 PM,12:00,,Start of 1st Period (8:11 PM EST),,,,0,0,,,,,,0,0,,,,,,0,0,,,,,,0
0022300204,4,10,0,1,8:11 PM,12:00,Jump Ball Vucevic vs. Adebayo: Tip to Butler,,,,,4,202696,Nikola Vučević,1610612741.0,Chicago,Bulls,CHI,5,1628389,Bam Adebayo,1610612748.0,Miami,Heat,MIA,5,202710,Jimmy Butler III,1610612748.0,Miami,Heat,MIA,1
0022300204,7,1,1,1,8:11 PM,11:35,,,Butler 26' 3PT Jump Shot (3 PTS) (D. Robinson 1 AST),3 - 0,-3,5,202710,Jimmy Butler III,1610612748.0,Miami,Heat,MIA,5,1629130,Duncan Robinson,1610612748.0,Miami,Heat,MIA,0,0,,,,,,1
0022300204,9,2,47,1,8:12 PM,11:06,MISS White 26' 3PT Turnaround Jump Shot,,,,,4,1629632,Coby White,1610612741.0,Chicago,Bulls,CHI,0,0,,,,,,0,0,,,,,,1
0022300204,10,4,0,1,8:12 PM,11:04,,,Highsmith REBOUND (Off:0 Def:1),,,5,1629312,Haywood Highsmith,1610612748.0,Miami,Heat,MIA,0,0,,,,,,0,0,,,,,,1
0022300204,11,5,1,1,8:12 PM,10:57,DeRozan STEAL (1 STL),,Highsmith Bad Pass Turnover (P1.T1),,,5,1629312,Haywood Highsmith,1610612748.0,Miami,Heat,MIA,4,201942,DeMar DeRozan,1610612741.0,Chicago,Bulls,CHI,0,0,,,,,,1
0022300204,13,5,2,1,8:12 PM,10:47,LaVine Lost Ball Turnover (P1.T1),,Highsmith STEAL (1 STL),,,4,203897,Zach LaVine,1610612741.0,Chicago,Bulls,CHI,5,1629312,Haywood Highsmith,1610612748.0,Miami,Heat,MIA,0,0,,,,,,1
0022300204,16,2,1,1,8:12 PM,10:34,,,MISS D. Robinson 26' 3PT Jump Shot,,,5,1629130,Duncan Robinson,1610612748.0,Miami,Heat,MIA,0,0,,,,,,0,0,,,,,,1
0022300204,17,4,0,1,8:12 PM,10:32,LaVine REBOUND (Off:0 Def:1),,,,,4,203897,Zach LaVine,1610612741.0,Chicago,Bulls,CHI,0,0,,,,,,0,0,,,,,,1
0022300204,18,5,2,1,8:13 PM,10:22,Vucevic Lost Ball Turnover (P1.T2),,Lowry STEAL (1 STL),,,4,202696,Nikola Vučević,1610612741.0,Chicago,Bulls,CHI,5,200768,Kyle Lowry,1610612748.0,Miami,Heat,MIA,0,0,,,,,,1
0022300204,20,1,2,1,8:13 PM,10:14,,,Adebayo 7' Running Jump Shot (2 PTS),5 - 0,-5,5,1628389,Bam Adebayo,1610612748.0,Miami,Heat,MIA,0,0,,,,,,0,0,,,,,,1
0022300204,21,6,2,1,8:13 PM,10:02,,,Lowry S.FOUL (P1.T1) (I.Hwang),,,5,200768,Kyle Lowry,1610612748.0,Miami,Heat,MIA,4,1627936,Alex Caruso,1610612741.0,Chicago,Bulls,CHI,1,0,,,,,,1
0022300204,23,3,11,1,8:13 PM,10:02,MISS Caruso Free Throw 1 of 2,,,,,4,1627936,Alex Caruso,1610612741.0,Chicago,Bulls,CHI,0,0,,,,,,0,0,,,,,,1
0022300204,24,4,1,1,8:13 PM,10:02,BULLS Rebound,,,,,2,1610612741,,,,,,0,0,,,,,,0,0,,,,,,1
0022300204,25,3,12,1,8:14 PM,10:02,Caruso Free Throw 2 of 2 (1 PTS),,,5 - 1,-4,4,1627936,Alex Caruso,1610612741.0,Chicago,Bulls,CHI,0,0,,,,,,0,0,,,,,,1
0022300204,26,1,52,1,8:14 PM,9:51,,,Adebayo 1' Alley Oop Dunk (4 PTS) (Lowry 1 AST),7 - 1,-6,5,1628389,Bam Adebayo,1610612748.0,Miami,Heat,MIA,5,200768,Kyle Lowry,1610612748.0,Miami,Heat,MIA,0,0,,,,,,1
0022300204,28,2,101,1,8:14 PM,9:31,MISS White 11' Driving Floating Jump Shot,,,,,4,1629632,Coby White,1610612741.0,Chicago,Bulls,CHI,0,0,,,,,,0,0,,,,,,1
0022300204,29,4,0,1,8:14 PM,9:30,,,Heat Rebound,,,3,1610612748,,,,,,0,0,,,,,,0,0,,,,,,1
0022300204,31,1,101,1,8:15 PM,9:21,,,D. Robinson 8' Driving Floating Jump Shot (2 PTS) (Lowry 2 AST),9 - 1,-8,5,1629130,Duncan Robinson,1610612748.0,Miami,Heat,MIA,5,200768,Kyle Lowry,1610612748.0,Miami,Heat,MIA,0,0,,,,,,1
0022300204,33,9,1,1,8:15 PM,9:15,BULLS Timeout: Regular (Full 1 Short 0),,,,,2,1610612741,,,,,,0,0,,,,,,0,0,,,,,,0
0022300204,34,2,1,1,8:18 PM,9:04,MISS Vucevic 16' Jump Shot,,,,,4,202696,Nikola Vučević,1610612741.0,Chicago,Bulls,CHI,0,0,,,,,,0,0,,,,,,1
0022300204,35,4,0,1,8:18 PM,8:59,,,Butler REBOUND (Off:0 Def:1),,,5,202710,Jimmy Butler III,1610612748.0,Miami,Heat,MIA,0,0,,,,,,0,0,,,,,,1
0022300204,36,1,1,1,8:18 PM,8:41,,,D. Robinson 26' 3PT Jump Shot (5 PTS) (Lowry 3 AST),12 - 1,-11,5,1629130,Duncan Robinson,1610612748.0,Miami,Heat,MIA,5,200768,Kyle Lowry,1610612748.0,Miami,Heat,MIA,0,0,,,,,,1
0022300204,38,2,1,1,8:18 PM,8:29,MISS White 25' 3PT Jump Shot,,,,,4,1629632,Coby White,1610612741.0,Chicago,Bulls,CHI,0,0,,,,,,0,0,,,,,,1
0022300204,39,4,0,1,8:19 PM,8:26,,,Butler REBOUND (Off:0 Def:2),,,5,202710,Jimmy Butler III,1610612748.0,Miami,Heat,MIA,0,0,,,,,,0,0,,,,,,1
0022300204,41,5,1,1,8:19 PM,8:26,White STEAL (1 STL),,Butler Bad Pass Turnover (P1.T2),,,5,202710,Jimmy Butler III,1610612748.0,Miami,Heat,MIA,4,1629632,Coby White,1610612741.0,Chicago,Bulls,CHI,0,0,,,,,,1
0022300204,43,2,79,1,8:19 PM,8:14,MISS Caruso 22' Pullup Jump Shot,,,,,4,1627936,Alex Caruso,1610612741.0,Chicago,Bulls,CHI,0,0,,,,,,0,0,,,,,,1
0022300204,44,4,0,1,8:19 PM,8:11,,,Adebayo REBOUND (Off:0 Def:1),,,5,1628389,Bam Adebayo,1610612748.0,Miami,Heat,MIA,0,0,,,,,,0,0,,,,,,1
0022300204,45,6,2,1,8:19 PM,8:10,White S.FOUL (P1.T1) (C.Blair),,,,,4,1629632,Coby White,1610612741.0,Chicago,Bulls,CHI,5,1629130,Duncan Robinson,1610612748.0,Miami,Heat,MIA,1,0,,,,,,1
0022300204,47,3,11,1,8:19 PM,8:10,,,D. Robinson Free Throw 1 of 2 (6 PTS),13 - 1,-12,5,1629130,Duncan Robinson,1610612748.0,Miami,Heat,MIA,0,0,,,,,,0,0,,,,,,1
0022300204,48,3,12,1,8:20 PM,8:10,,,D. Robinson Free Throw 2 of 2 (7 PTS),14 - 1,-13,5,1629130,Duncan Robinson,1610612748.0,Miami,Heat,MIA,0,0,,,,,,0,0,,,,,,1
0022300204,49,2,79,1,8:20 PM,7:59,MISS DeRozan 13' Pullup Jump Shot,,,,,4,201942,DeMar DeRozan,1610612741.0,Chicago,Bulls,CHI,0,0,,,,,,0,0,,,,,,1
0022300204,50,4,0,1,8:20 PM,7:56,,,D. Robinson REBOUND (Off:0 Def:1),,,5,1629130,Duncan Robinson,1610612748.0,Miami,Heat,MIA,0,0,,,,,,0,0,,,,,,1
0022300204,51,1,58,1,8:20 PM,7:43,,,Butler 6' Turnaround Hook Shot (5 PTS) (Adebayo 1 AST),16 - 1,-15,5,202710,Jimmy Butler III,1610612748.0,Miami,Heat,MIA,5,1628389,Bam Adebayo,1610612748.0,Miami,Heat,MIA,0,0,,,,,,1
0022300204,53,2,1,1,8:20 PM,7:33,MISS Caruso 3PT Jump Shot,,,,,4,1627936,Alex Caruso,1610612741.0,Chicago,Bulls,CHI,0,0,,,,,,0,0,,,,,,1
0022300204,54,4,0,1,8:20 PM,7:30,,,Adebayo REBOUND (Off:0 Def:2),,,5,1628389,Bam Adebayo,1610612748.0,Miami,Heat,MIA,0,0,,,,,,0,0,,,,,,1
0022300204,55,1,98,1,8:21 PM,7:12,,,Butler 1' Cutting Layup Shot (7 PTS) (D. Robinson 2 AST),18 - 1,-17,5,202710,Jimmy Butler III,1610612748.0,Miami,Heat,MIA,5,1629130,Duncan Robinson,1610612748.0,Miami,Heat,MIA,0,0,,,,,,1
0022300204,57,2,63,1,8:21 PM,6:48,MISS Vucevic 13' Fadeaway Jumper,,,,,4,202696,Nikola Vučević,1610612741.0,Chicago,Bulls,CHI,0,0,,,,,,0,0,,,,,,1
0022300204,58,4,0,1,8:21 PM,6:46,,,Butler REBOUND (Off:0 Def:3),,,5,202710,Jimmy Butler III,1610612748.0,Miami,Heat,MIA,0,0,,,,,,0,0,,,,,,1
0022300204,60,8,0,1,8:21 PM,6:35,SUB: Craig FOR White,,,,,4,1629632,Coby White,1610612741.0,Chicago,Bulls,CHI,4,1628470,Torrey Craig,1610612741.0,Chicago,Bulls,CHI,0,0,,,,,,0
0022300204,62,2,98,1,8:22 PM,6:35,Caruso BLOCK (1 BLK),,MISS D. Robinson 1' Cutting Layup Shot,,,5,1629130,Duncan Robinson,1610612748.0,Miami,Heat,MIA,0,0,,,,,,4,1627936,Alex Caruso,1610612741.0,Chicago,Bulls,CHI,1
0022300204,64,4,0,1,8:22 PM,6:34,,,Heat Rebound,,,3,1610612748,,,,,,0,0,,,,,,0,0,,,,,,0
0022300204,67,1,79,1,8:22 PM,6:29,,,Adebayo 16' Pullup Jump Shot (6 PTS),20 - 1,-19,5,1628389,Bam Adebayo,1610612748.0,Miami,Heat,MIA,0,0,,,,,,0,0,,,,,,1
0022300204,68,2,80,1,8:22 PM,6:12,MISS LaVine 24' 3PT Step Back Jump Shot,,,,,4,203897,Zach LaVine,1610612741.0,Chicago,Bulls,CHI,0,0,,,,,,0,0,,,,,,1
0022300204,69,4,0,1,8:22 PM,6:09,,,Adebayo REBOUND (Off:0 Def:3),,,5,1628389,Bam Adebayo,1610612748.0,Miami,Heat,MIA,0,0,,,,,,0,0,,,,,,1
0022300204,70,5,2,1,8:23 PM,5:51,Vucevic STEAL (1 STL),,Butler Lost Ball Turnover (P2.T3),,,5,202710,Jimmy Butler III,1610612748.0,Miami,Heat,MIA,4,202696,Nikola Vučević,1610612741.0,Chicago,Bulls,CHI,0,0,,,,,,1
0022300204,72,6,26,1,8:23 PM,5:48,DeRozan Offensive Charge Foul (P1) (I.Hwang),,,,,4,201942,DeMar DeRozan,1610612741.0,Chicago,Bulls,CHI,5,200768,Kyle Lowry,1610612748.0,Miami,Heat,MIA,1,0,,,,,,1
0022300204,74,5,37,1,8:23 PM,5:48,DeRozan Offensive Foul Turnover (P1.T3),,,,,4,201942,DeMar DeRozan,1610612741.0,Chicago,Bulls,CHI,0,0,,,,,,1,0,,,,,,1
0022300204,75,9,1,1,8:23 PM,5:48,BULLS Timeout: Regular (Full 2 Short 0),,,,,2,1610612741,,,,,,0,0,,,,,,0,0,,,,,,0
0022300204,76,18,4,1,8:23 PM,5:48,,Instant Replay1st Period (8:23 PM EST),,20 - 1,-19,0,72,Kenny Anderson,,,,,0,0,,,,,,1,0,,,,,,0
0022300204,77,8,0,1,8:25 PM,5:48,,,SUB: Love FOR Adebayo,,,5,1628389,Bam Adebayo,1610612748.0,Miami,Heat,MIA,5,201567,Kevin Love,1610612748.0,Miami,Heat,MIA,0,0,,,,,,0
0022300204,78,8,0,1,8:25 PM,5:48,,,SUB: Jaquez Jr. FOR D. Robinson,,,5,1629130,Duncan Robinson,1610612748.0,Miami,Heat,MIA,5,1631170,Jaime Jaquez Jr.,1610612748.0,Miami,Heat,MIA,0,0,,,,,,0
0022300204,81,1,1,1,8:26 PM,5:30,,,Jaquez Jr. 15' Jump Shot (2 PTS) (Butler 1 AST),22 - 1,-21,5,1631170,Jaime Jaquez Jr.,1610612748.0,Miami,Heat,MIA,5,202710,Jimmy Butler III,1610612748.0,Miami,Heat,MIA,0,0,,,,,,1
0022300204,83,2,1,1,8:27 PM,5:11,MISS Craig 25' 3PT Jump Shot,,,,,4,1628470,Torrey Craig,1610612741.0,Chicago,Bulls,CHI,0,0,,,,,,0,0,,,,,,1
0022300204,84,4,0,1,8:27 PM,5:08,,,Highsmith REBOUND (Off:0 Def:2),,,5,1629312,Haywood Highsmith,1610612748.0,Miami,Heat,MIA,0,0,,,,,,0,0,,,,,,1
0022300204,85,2,79,1,8:27 PM,4:56,,,MISS Love 27' 3PT Pullup Jump Shot,,,5,201567,Kevin Love,1610612748.0,Miami,Heat,MIA,0,0,,,,,,0,0,,,,,,1
0022300204,86,4,0,1,8:27 PM,4:53,LaVine REBOUND (Off:0 Def:2),,,,,4,203897,Zach LaVine,1610612741.0,Chicago,Bulls,CHI,0,0,,,,,,0,0,,,,,,1
0022300204,87,1,2,1,8:27 PM,4:48,LaVine 6' Running Jump Shot (2 PTS),,,22 - 3,-19,4,203897,Zach LaVine,1610612741.0,Chicago,Bulls,CHI,0,0,,,,,,0,0,,,,,,1
0022300204,88,5,2,1,8:27 PM,4:37,LaVine STEAL (1 STL),,Jaquez Jr. Lost Ball Turnover (P1.T4),,,5,1631170,Jaime Jaquez Jr.,1610612748.0,Miami,Heat,MIA,4,203897,Zach LaVine,1610612741.0,Chicago,Bulls,CHI,0,0,,,,,,1
0022300204,90,2,1,1,8:27 PM,4:19,MISS DeRozan 25' 3PT Jump Shot,,,,,4,201942,DeMar DeRozan,1610612741.0,Chicago,Bulls,CHI,0,0,,,,,,0,0,,,,,,1
0022300204,91,4,0,1,8:27 PM,4:16,,,Love REBOUND (Off:0 Def:1),,,5,201567,Kevin Love,1610612748.0,Miami,Heat,MIA,0,0,,,,,,0,0,,,,,,1
0022300204,92,1,86,1,8:28 PM,3:59,,,Butler 11' Turnaround Fadeaway (9 PTS),24 - 3,-21,5,202710,Jimmy Butler III,1610612748.0,Miami,Heat,MIA,0,0,,,,,,0,0,,,,,,1
0022300204,93,1,58,1,8:28 PM,3:46,Vucevic 7' Turnaround Hook Shot (2 PTS) (Caruso 1 AST),,,24 - 5,-19,4,202696,Nikola Vučević,1610612741.0,Chicago,Bulls,CHI,4,1627936,Alex Caruso,1610612741.0,Chicago,Bulls,CHI,0,0,,,,,,1
0022300204,95,2,1,1,8:28 PM,3:31,,,MISS Love 25' 3PT Jump Shot,,,5,201567,Kevin Love,1610612748.0,Miami,Heat,MIA,0,0,,,,,,0,0,,,,,,1
0022300204,96,4,0,1,8:28 PM,3:27,LaVine REBOUND (Off:0 Def:3),,,,,4,203897,Zach LaVine,1610612741.0,Chicago,Bulls,CHI,0,0,,,,,,0,0,,,,,,1
0022300204,97,6,1,1,8:28 PM,3:23,,,Love P.FOUL (P1.T2) (I.Hwang),,,5,201567,Kevin Love,1610612748.0,Miami,Heat,MIA,4,202696,Nikola Vučević,1610612741.0,Chicago,Bulls,CHI,1,0,,,,,,1
0022300204,99,8,0,1,8:29 PM,3:23,SUB: Carter FOR Caruso,,,,,4,1627936,Alex Caruso,1610612741.0,Chicago,Bulls,CHI,4,1628975,Jevon Carter,1610612741.0,Chicago,Bulls,CHI,0,0,,,,,,0
0022300204,100,8,0,1,8:29 PM,3:23,SUB: Dosunmu FOR DeRozan,,,,,4,201942,DeMar DeRozan,1610612741.0,Chicago,Bulls,CHI,4,1630245,Ayo Dosunmu,1610612741.0,Chicago,Bulls,CHI,0,0,,,,,,0
0022300204,101,8,0,1,8:29 PM,3:23,,,SUB: Richardson FOR Lowry,,,5,200768,Kyle Lowry,1610612748.0,Miami,Heat,MIA,5,1626196,Josh Richardson,1610612748.0,Miami,Heat,MIA,0,0,,,,,,0
0022300204,105,2,79,1,8:29 PM,3:16,MISS Carter 25' 3PT Pullup Jump Shot,,,,,4,1628975,Jevon Carter,1610612741.0,Chicago,Bulls,CHI,0,0,,,,,,0,0,,,,,,1
0022300204,106,4,0,1,8:29 PM,3:15,Craig REBOUND (Off:1 Def:0),,,,,4,1628470,Torrey Craig,1610612741.0,Chicago,Bulls,CHI,0,0,,,,,,0,0,,,,,,1
0022300204,107,6,1,1,8:29 PM,3:15,,,Love P.FOUL (P2.T3) (T.Maddox),,,5,201567,Kevin Love,1610612748.0,Miami,Heat,MIA,4,202696,Nikola Vučević,1610612741.0,Chicago,Bulls,CHI,1,0,,,,,,1
0022300204,109,1,1,1,8:30 PM,3:00,Craig 25' 3PT Jump Shot (3 PTS) (Carter 1 AST),,,24 - 8,-16,4,1628470,Torrey Craig,1610612741.0,Chicago,Bulls,CHI,4,1628975,Jevon Carter,1610612741.0,Chicago,Bulls,CHI,0,0,,,,,,1
0022300204,111,2,1,1,8:30 PM,2:39,,,MISS Highsmith 26' 3PT Jump Shot,,,5,1629312,Haywood Highsmith,1610612748.0,Miami,Heat,MIA,0,0,,,,,,0,0,,,,,,1
0022300204,112,4,0,1,8:30 PM,2:35,LaVine REBOUND (Off:0 Def:4),,,,,4,203897,Zach LaVine,1610612741.0,Chicago,Bulls,CHI,0,0,,,,,,0,0,,,,,,1
0022300204,113,1,5,1,8:30 PM,2:27,Vucevic 1' Layup (4 PTS) (Craig 1 AST),,,24 - 10,-14,4,202696,Nikola Vučević,1610612741.0,Chicago,Bulls,CHI,4,1628470,Torrey Craig,1610612741.0,Chicago,Bulls,CHI,0,0,,,,,,1
0022300204,115,9,1,1,8:31 PM,2:16,,,Heat Timeout: Regular (Reg.1 Short 0),,,3,1610612748,,,,,,0,0,,,,,,0,0,,,,,,0
0022300204,116,8,0,1,8:32 PM,2:16,SUB: Drummond FOR LaVine,,,,,4,203897,Zach LaVine,1610612741.0,Chicago,Bulls,CHI,4,203083,Andre Drummond,1610612741.0,Chicago,Bulls,CHI,0,0,,,,,,0
0022300204,117,8,0,1,8:32 PM,2:16,SUB: Williams FOR Vucevic,,,,,4,202696,Nikola Vučević,1610612741.0,Chicago,Bulls,CHI,4,1630172,Patrick Williams,1610612741.0,Chicago,Bulls,CHI,0,0,,,,,,0
0022300204,118,8,0,1,8:32 PM,2:16,,,SUB: Martin FOR Highsmith,,,5,1629312,Haywood Highsmith,1610612748.0,Miami,Heat,MIA,5,1628997,Caleb Martin,1610612748.0,Miami,Heat,MIA,0,0,,,,,,0
0022300204,119,8,0,1,8:32 PM,2:16,,,SUB: Adebayo FOR Love,,,5,201567,Kevin Love,1610612748.0,Miami,Heat,MIA,5,1628389,Bam Adebayo,1610612748.0,Miami,Heat,MIA,0,0,,,,,,0
0022300204,124,2,1,1,8:32 PM,2:01,,,MISS Richardson 25' 3PT Jump Shot,,,5,1626196,Josh Richardson,1610612748.0,Miami,Heat,MIA,0,0,,,,,,0,0,,,,,,1
0022300204,125,4,0,1,8:32 PM,1:59,Craig REBOUND (Off:1 Def:1),,,,,4,1628470,Torrey Craig,1610612741.0,Chicago,Bulls,CHI,0,0,,,,,,0,0,,,,,,1
0022300204,126,6,2,1,8:33 PM,1:56,,,Jaquez Jr. S.FOUL (P1.T4) (C.Blair),,,5,1631170,Jaime Jaquez Jr.,1610612748.0,Miami,Heat,MIA,4,1630245,Ayo Dosunmu,1610612741.0,Chicago,Bulls,CHI,1,0,,,,,,1
0022300204,128,3,11,1,8:33 PM,1:56,Dosunmu Free Throw 1 of 2 (1 PTS),,,24 - 11,-13,4,1630245,Ayo Dosunmu,1610612741.0,Chicago,Bulls,CHI,0,0,,,,,,0,0,,,,,,1
0022300204,129,3,12,1,8:33 PM,1:56,Dosunmu Free Throw 2 of 2 (2 PTS),,,24 - 12,-12,4,1630245,Ayo Dosunmu,1610612741.0,Chicago,Bulls,CHI,0,0,,,,,,0,0,,,,,,1
0022300204,130,5,45,1,8:34 PM,1:37,,,Martin Out of Bounds - Bad Pass Turnover Turnover (P1.T5),,,5,1628997,Caleb Martin,1610612748.0,Miami,Heat,MIA,0,0,,,,,,1,0,,,,,,1
0022300204,131,8,0,1,8:34 PM,1:37,,,SUB: D. Robinson FOR Butler,,,5,202710,Jimmy Butler III,1610612748.0,Miami,Heat,MIA,5,1629130,Duncan Robinson,1610612748.0,Miami,Heat,MIA,0,0,,,,,,0
0022300204,133,2,6,1,8:34 PM,1:15,MISS Williams 3' Driving Layup,,,,,4,1630172,Patrick Williams,1610612741.0,Chicago,Bulls,CHI,0,0,,,,,,0,0,,,,,,1
0022300204,134,4,0,1,8:34 PM,1:13,Drummond REBOUND (Off:1 Def:0),,,,,4,203083,Andre Drummond,1610612741.0,Chicago,Bulls,CHI,0,0,,,,,,0,0,,,,,,1
0022300204,135,1,87,1,8:34 PM,1:13,Drummond Putback Dunk (2 PTS),,,24 - 14,-10,4,203083,Andre Drummond,1610612741.0,Chicago,Bulls,CHI,0,0,,,,,,0,0,,,,,,1
0022300204,149,2,98,1,8:35 PM,1:01,Craig BLOCK (1 BLK),,MISS D. Robinson 5' Cutting Layup Shot,,,5,1629130,Duncan Robinson,1610612748.0,Miami,Heat,MIA,0,0,,,,,,4,1628470,Torrey Craig,1610612741.0,Chicago,Bulls,CHI,1
0022300204,151,4,0,1,8:35 PM,1:01,Craig REBOUND (Off:1 Def:2),,,,,4,1628470,Torrey Craig,1610612741.0,Chicago,Bulls,CHI,0,0,,,,,,0,0,,,,,,1
0022300204,139,2,2,1,8:35 PM,0:55,MISS Carter 25' 3PT Running Jump Shot,,,,,4,1628975,Jevon Carter,1610612741.0,Chicago,Bulls,CHI,0,0,,,,,,0,0,,,,,,1
0022300204,140,4,0,1,8:35 PM,0:53,,,Martin REBOUND (Off:0 Def:1),,,5,1628997,Caleb Martin,1610612748.0,Miami,Heat,MIA,0,0,,,,,,0,0,,,,,,1
0022300204,141,2,98,1,8:35 PM,0:39,Drummond BLOCK (1 BLK),,MISS Jaquez Jr. 2' Cutting Layup Shot,,,5,1631170,Jaime Jaquez Jr.,1610612748.0,Miami,Heat,MIA,0,0,,,,,,4,203083,Andre Drummond,1610612741.0,Chicago,Bulls,CHI,1
0022300204,142,4,0,1,8:35 PM,0:36,,,Jaquez Jr. REBOUND (Off:1 Def:0),,,5,1631170,Jaime Jaquez Jr.,1610612748.0,Miami,Heat,MIA,0,0,,,,,,0,0,,,,,,1
0022300204,143,2,72,1,8:35 PM,0:36,,,MISS Jaquez Jr. Putback Layup,,,5,1631170,Jaime Jaquez Jr.,1610612748.0,Miami,Heat,MIA,0,0,,,,,,0,0,,,,,,1
0022300204,144,4,0,1,8:35 PM,0:35,Drummond REBOUND (Off:1 Def:1),,,,,4,203083,Andre Drummond,1610612741.0,Chicago,Bulls,CHI,0,0,,,,,,0,0,,,,,,1
0022300204,145,2,1,1,8:35 PM,0:28,MISS Dosunmu 26' 3PT Jump Shot,,,,,4,1630245,Ayo Dosunmu,1610612741.0,Chicago,Bulls,CHI,0,0,,,,,,0,0,,,,,,1
0022300204,146,4,0,1,8:35 PM,0:24,,,Adebayo REBOUND (Off:0 Def:4),,,5,1628389,Bam Adebayo,1610612748.0,Miami,Heat,MIA,0,0,,,,,,0,0,,,,,,1
0022300204,147,6,1,1,8:35 PM,0:24,Drummond P.FOUL (P1.T2) (T.Maddox),,,,,4,203083,Andre Drummond,1610612741.0,Chicago,Bulls,CHI,5,1628389,Bam Adebayo,1610612748.0,Miami,Heat,MIA,1,0,,,,,,1
0022300204,152,1,86,1,8:36 PM,0:00,,,Adebayo 17' Turnaround Fadeaway (8 PTS),26 - 14,-12,5,1628389,Bam Adebayo,1610612748.0,Miami,Heat,MIA,0,0,,,,,,0,0,,,,,,1
0022300204,154,18,0,1,8:36 PM,0:00,,Instant Replay1st Period (8:36 PM EST),,26 - 14,-12,0,152,,,,,,0,0,,,,,,1,0,,,,,,0
0022300204,153,13,0,1,8:36 PM,0:00,,End of 1st Period (8:36 PM EST),,26 - 14,-12,0,0,,,,,,0,0,,,,,,0,0,,,,,,1
0022300204,157,12,0,2,8:39 PM,12:00,,Start of 2nd Period (8:39 PM EST),,26 - 14,-12,0,0,,,,,,0,0,,,,,,0,0,,,,,,0
0022300204,158,2,1,2,8:39 PM,11:42,MISS Williams 25' 3PT Jump Shot,,,,,4,1630172,Patrick Williams,1610612741.0,Chicago,Bulls,CHI,0,0,,,,,,0,0,,,,,,1
0022300204,159,4,0,2,8:39 PM,11:39,,,D. Robinson REBOUND (Off:0 Def:2),,,5,1629130,Duncan Robinson,1610612748.0,Miami,Heat,MIA,0,0,,,,,,0,0,,,,,,1
0022300204,160,2,1,2,8:39 PM,11:25,,,MISS Martin 26' 3PT Jump Shot,,,5,1628997,Caleb Martin,1610612748.0,Miami,Heat,MIA,0,0,,,,,,0,0,,,,,,1
0022300204,161,4,0,2,8:39 PM,11:22,Dosunmu REBOUND (Off:0 Def:1),,,,,4,1630245,Ayo Dosunmu,1610612741.0,Chicago,Bulls,CHI,0,0,,,,,,0,0,,,,,,1
0022300204,162,1,102,2,8:39 PM,11:15,DeRozan 5' Driving Floating Bank Jump Shot (2 PTS) (Dosunmu 1 AST),,,26 - 16,-10,4,201942,DeMar DeRozan,1610612741.0,Chicago,Bulls,CHI,4,1630245,Ayo Dosunmu,1610612741.0,Chicago,Bulls,CHI,0,0,,,,,,1
0022300204,164,1,1,2,8:40 PM,10:57,,,Adebayo 10' Jump Shot (10 PTS) (D. Robinson 3 AST),28 - 16,-12,5,1628389,Bam Adebayo,1610612748.0,Miami,Heat,MIA,5,1629130,Duncan Robinson,1610612748.0,Miami,Heat,MIA,0,0,,,,,,1
0022300204,166,6,1,2,8:40 PM,10:45,,,Jaquez Jr. P.FOUL (P2.T1) (T.Maddox),,,5,1631170,Jaime Jaquez Jr.,1610612748.0,Miami,Heat,MIA,4,201942,DeMar DeRozan,1610612741.0,Chicago,Bulls,CHI,1,0,,,,,,1
0022300204,168,1,1,2,8:40 PM,10:40,Carter 26' 3PT Jump Shot (3 PTS) (DeRozan 1 AST),,,28 - 19,-9,4,1628975,Jevon Carter,1610612741.0,Chicago,Bulls,CHI,4,201942,DeMar DeRozan,1610612741.0,Chicago,Bulls,CHI,0,0,,,,,,1
0022300204,170,5,2,2,8:41 PM,10:19,Williams STEAL (1 STL),,Jaquez Jr. Lost Ball Turnover (P2.T6),,,5,1631170,Jaime Jaquez Jr.,1610612748.0,Miami,Heat,MIA,4,1630172,Patrick Williams,1610612741.0,Chicago,Bulls,CHI,0,0,,,,,,1
0022300204,172,5,1,2,8:41 PM,10:16,Drummond Bad Pass Turnover (P1.T4),,Richardson STEAL (1 STL),,,4,203083,Andre Drummond,1610612741.0,Chicago,Bulls,CHI,5,1626196,Josh Richardson,1610612748.0,Miami,Heat,MIA,0,0,,,,,,1
0022300204,174,2,79,2,8:41 PM,10:04,,,MISS Martin 15' Pullup Jump Shot,,,5,1628997,Caleb Martin,1610612748.0,Miami,Heat,MIA,0,0,,,,,,0,0,,,,,,1
0022300204,175,4,0,2,8:41 PM,10:01,,,Adebayo REBOUND (Off:1 Def:4),,,5,1628389,Bam Adebayo,1610612748.0,Miami,Heat,MIA,0,0,,,,,,0,0,,,,,,1
0022300204,176,2,1,2,8:41 PM,9:56,,,MISS Martin 25' 3PT Jump Shot,,,5,1628997,Caleb Martin,1610612748.0,Miami,Heat,MIA,0,0,,,,,,0,0,,,,,,1
0022300204,177,4,0,2,8:41 PM,9:53,Carter REBOUND (Off:0 Def:1),,,,,4,1628975,Jevon Carter,1610612741.0,Chicago,Bulls,CHI,0,0,,,,,,0,0,,,,,,1
0022300204,178,2,79,2,8:41 PM,9:44,MISS Carter 25' 3PT Pullup Jump Shot,,,,,4,1628975,Jevon Carter,1610612741.0,Chicago,Bulls,CHI,0,0,,,,,,0,0,,,,,,1
0022300204,180,4,0,2,8:41 PM,9:42,,,Adebayo REBOUND (Off:1 Def:5),,,5,1628389,Bam Adebayo,1610612748.0,Miami,Heat,MIA,0,0,,,,,,0,0,,,,,,1
0022300204,181,2,78,2,8:41 PM,9:35,,,MISS D. Robinson 7' Floating Jump Shot,,,5,1629130,Duncan Robinson,1610612748.0,Miami,Heat,MIA,0,0,,,,,,0,0,,,,,,1
0022300204,182,4,0,2,8:42 PM,9:33,Drummond REBOUND (Off:1 Def:2),,,,,4,203083,Andre Drummond,1610612741.0,Chicago,Bulls,CHI,0,0,,,,,,0,0,,,,,,1
0022300204,183,1,1,2,8:42 PM,9:21,Carter 24' 3PT Jump Shot (6 PTS) (DeRozan 2 AST),,,28 - 22,-6,4,1628975,Jevon Carter,1610612741.0,Chicago,Bulls,CHI,4,201942,DeMar DeRozan,1610612741.0,Chicago,Bulls,CHI,0,0,,,,,,1
0022300204,185,6,1,2,8:42 PM,9:02,Dosunmu P.FOUL (P1.T1) (C.Blair),,,,,4,1630245,Ayo Dosunmu,1610612741.0,Chicago,Bulls,CHI,5,1629130,Duncan Robinson,1610612748.0,Miami,Heat,MIA,1,0,,,,,,1
0022300204,187,6,1,2,8:43 PM,9:01,Drummond P.FOUL (P2.T2) (C.Blair),,,,,4,203083,Andre Drummond,1610612741.0,Chicago,Bulls,CHI,5,1626196,Josh Richardson,1610612748.0,Miami,Heat,MIA,1,0,,,,,,0
0022300204,189,6,1,2,8:43 PM,8:52,Carter P.FOUL (P1.T3) (T.Maddox),,,,,4,1628975,Jevon Carter,1610612741.0,Chicago,Bulls,CHI,5,1628997,Caleb Martin,1610612748.0,Miami,Heat,MIA,1,0,,,,,,1
0022300204,191,1,79,2,8:44 PM,8:38,,,Richardson 9' Pullup Jump Shot (2 PTS) (D. Robinson 4 AST),30 - 22,-8,5,1626196,Josh Richardson,1610612748.0,Miami,Heat,MIA,5,1629130,Duncan Robinson,1610612748.0,Miami,Heat,MIA,0,0,,,,,,1
0022300204,193,2,79,2,8:44 PM,8:21,MISS Carter 24' 3PT Pullup Jump Shot,,,,,4,1628975,Jevon Carter,1610612741.0,Chicago,Bulls,CHI,0,0,,,,,,0,0,,,,,,1
0022300204,194,4,0,2,8:44 PM,8:20,,,Heat Rebound,,,3,1610612748,,,,,,0,0,,,,,,0,0,,,,,,1
0022300204,196,6,3,2,8:44 PM,8:20,Williams L.B.FOUL (P1.T4) (T.Maddox),,,,,4,1630172,Patrick Williams,1610612741.0,Chicago,Bulls,CHI,5,1629130,Duncan Robinson,1610612748.0,Miami,Heat,MIA,1,0,,,,,,1
0022300204,198,2,86,2,8:45 PM,7:56,,,MISS Adebayo 6' Turnaround Fadeaway Shot,,,5,1628389,Bam Adebayo,1610612748.0,Miami,Heat,MIA,0,0,,,,,,0,0,,,,,,1
0022300204,199,4,0,2,8:45 PM,7:54,,,Martin REBOUND (Off:1 Def:1),,,5,1628997,Caleb Martin,1610612748.0,Miami,Heat,MIA,0,0,,,,,,0,0,,,,,,1
0022300204,200,2,72,2,8:45 PM,7:54,,,MISS Martin Putback Layup,,,5,1628997,Caleb Martin,1610612748.0,Miami,Heat,MIA,0,0,,,,,,0,0,,,,,,1
0022300204,201,4,0,2,8:45 PM,7:52,Drummond REBOUND (Off:1 Def:3),,,,,4,203083,Andre Drummond,1610612741.0,Chicago,Bulls,CHI,0,0,,,,,,0,0,,,,,,1
0022300204,202,6,2,2,8:45 PM,7:43,,,D. Robinson S.FOUL (P1.T2) (T.Maddox),,,5,1629130,Duncan Robinson,1610612748.0,Miami,Heat,MIA,4,203083,Andre Drummond,1610612741.0,Chicago,Bulls,CHI,1,0,,,,,,1
0022300204,204,3,11,2,8:45 PM,7:43,Drummond Free Throw 1 of 2 (3 PTS),,,30 - 23,-7,4,203083,Andre Drummond,1610612741.0,Chicago,Bulls,CHI,0,0,,,,,,0,0,,,,,,1
0022300204,205,8,0,2,8:45 PM,7:43,SUB: White FOR Carter,,,,,4,1628975,Jevon Carter,1610612741.0,Chicago,Bulls,CHI,4,1629632,Coby White,1610612741.0,Chicago,Bulls,CHI,0,0,,,,,,0
0022300204,207,3,12,2,8:46 PM,7:43,Drummond Free Throw 2 of 2 (4 PTS),,,30 - 24,-6,4,203083,Andre Drummond,1610612741.0,Chicago,Bulls,CHI,0,0,,,,,,0,0,,,,,,1
0022300204,208,6,2,2,8:46 PM,7:36,Drummond S.FOUL (P3.PN) (C.Blair),,,,,4,203083,Andre Drummond,1610612741.0,Chicago,Bulls,CHI,5,1628389,Bam Adebayo,1610612748.0,Miami,Heat,MIA,1,0,,,,,,1
0022300204,210,3,11,2,8:46 PM,7:36,,,Adebayo Free Throw 1 of 2 (11 PTS),31 - 24,-7,5,1628389,Bam Adebayo,1610612748.0,Miami,Heat,MIA,0,0,,,,,,0,0,,,,,,1
0022300204,211,8,0,2,8:46 PM,7:36,SUB: Vucevic FOR Drummond,,,,,4,203083,Andre Drummond,1610612741.0,Chicago,Bulls,CHI,4,202696,Nikola Vučević,1610612741.0,Chicago,Bulls,CHI,0,0,,,,,,0
0022300204,213,3,12,2,8:47 PM,7:36,,,Adebayo Free Throw 2 of 2 (12 PTS),32 - 24,-8,5,1628389,Bam Adebayo,1610612748.0,Miami,Heat,MIA,0,0,,,,,,0,0,,,,,,1
0022300204,214,1,1,2,8:47 PM,7:13,DeRozan 26' 3PT Jump Shot (5 PTS) (White 1 AST),,,32 - 27,-5,4,201942,DeMar DeRozan,1610612741.0,Chicago,Bulls,CHI,4,1629632,Coby White,1610612741.0,Chicago,Bulls,CHI,0,0,,,,,,1
0022300204,216,6,2,2,8:47 PM,7:02,Vucevic S.FOUL (P1.PN) (I.Hwang),,,,,4,202696,Nikola Vučević,1610612741.0,Chicago,Bulls,CHI,5,1628389,Bam Adebayo,1610612748.0,Miami,Heat,MIA,1,0,,,,,,1
0022300204,218,3,11,2,8:48 PM,7:02,,,Adebayo Free Throw 1 of 2 (13 PTS),33 - 27,-6,5,1628389,Bam Adebayo,1610612748.0,Miami,Heat,MIA,0,0,,,,,,0,0,,,,,,1
0022300204,219,8,0,2,8:48 PM,7:02,SUB: LaVine FOR DeRozan,,,,,4,201942,DeMar DeRozan,1610612741.0,Chicago,Bulls,CHI,4,203897,Zach LaVine,1610612741.0,Chicago,Bulls,CHI,0,0,,,,,,0
0022300204,221,3,12,2,8:48 PM,7:02,,,Adebayo Free Throw 2 of 2 (14 PTS),34 - 27,-7,5,1628389,Bam Adebayo,1610612748.0,Miami,Heat,MIA,0,0,,,,,,0,0,,,,,,1
0022300204,222,2,1,2,8:49 PM,6:47,MISS Vucevic 24' 3PT Jump Shot,,,,,4,202696,Nikola Vučević,1610612741.0,Chicago,Bulls,CHI,0,0,,,,,,0,0,,,,,,1
0022300204,223,4,0,2,8:49 PM,6:45,Williams REBOUND (Off:1 Def:0),,,,,4,1630172,Patrick Williams,1610612741.0,Chicago,Bulls,CHI,0,0,,,,,,0,0,,,,,,1
0022300204,225,9,1,2,8:49 PM,6:45,BULLS Timeout: Regular (Full 3 Short 0),,,,,2,1610612741,,,,,,0,0,,,,,,0,0,,,,,,0
0022300204,226,2,101,2,8:52 PM,6:38,MISS Williams 10' Driving Floating Jump Shot,,,,,4,1630172,Patrick Williams,1610612741.0,Chicago,Bulls,CHI,0,0,,,,,,0,0,,,,,,1
0022300204,227,4,0,2,8:52 PM,6:38,BULLS Rebound,,,,,2,1610612741,,,,,,0,0,,,,,,0,0,,,,,,1
0022300204,228,5,11,2,8:52 PM,6:38,BULLS Turnover: Shot Clock (T#5),,,,,2,1610612741,,,,,,0,0,,,,,,1,0,,,,,,0
0022300204,229,8,0,2,8:52 PM,6:38,,,SUB: Lowry FOR Adebayo,,,5,1628389,Bam Adebayo,1610612748.0,Miami,Heat,MIA,5,200768,Kyle Lowry,1610612748.0,Miami,Heat,MIA,0,0,,,,,,0
0022300204,230,8,0,2,8:52 PM,6:38,,,SUB: Butler FOR Martin,,,5,1628997,Caleb Martin,1610612748.0,Miami,Heat,MIA,5,202710,Jimmy Butler III,1610612748.0,Miami,Heat,MIA,0,0,,,,,,0
0022300204,231,8,0,2,8:52 PM,6:38,,,SUB: Love FOR D. Robinson,,,5,1629130,Duncan Robinson,1610612748.0,Miami,Heat,MIA,5,201567,Kevin Love,1610612748.0,Miami,Heat,MIA,0,0,,,,,,0
0022300204,235,6,1,2,8:53 PM,6:29,White P.FOUL (P2.PN) (C.Blair),,,,,4,1629632,Coby White,1610612741.0,Chicago,Bulls,CHI,5,1631170,Jaime Jaquez Jr.,1610612748.0,Miami,Heat,MIA,1,0,,,,,,1
0022300204,237,3,11,2,8:53 PM,6:29,,,Jaquez Jr. Free Throw 1 of 2 (3 PTS),35 - 27,-8,5,1631170,Jaime Jaquez Jr.,1610612748.0,Miami,Heat,MIA,0,0,,,,,,0,0,,,,,,1
0022300204,242,3,12,2,8:53 PM,6:29,,,MISS Jaquez Jr. Free Throw 2 of 2,,,5,1631170,Jaime Jaquez Jr.,1610612748.0,Miami,Heat,MIA,0,0,,,,,,0,0,,,,,,1
0022300204,238,8,0,2,8:53 PM,6:29,SUB: Caruso FOR Dosunmu,,,,,4,1630245,Ayo Dosunmu,1610612741.0,Chicago,Bulls,CHI,4,1627936,Alex Caruso,1610612741.0,Chicago,Bulls,CHI,0,0,,,,,,0
0022300204,239,8,0,2,8:53 PM,6:29,SUB: DeRozan FOR Williams,,,,,4,1630172,Patrick Williams,1610612741.0,Chicago,Bulls,CHI,4,201942,DeMar DeRozan,1610612741.0,Chicago,Bulls,CHI,0,0,,,,,,0
0022300204,243,4,0,2,8:53 PM,6:26,Vucevic REBOUND (Off:0 Def:1),,,,,4,202696,Nikola Vučević,1610612741.0,Chicago,Bulls,CHI,0,0,,,,,,0,0,,,,,,1
0022300204,244,6,2,2,8:54 PM,6:14,,,Jaquez Jr. S.FOUL (P3.T3) (C.Blair),,,5,1631170,Jaime Jaquez Jr.,1610612748.0,Miami,Heat,MIA,4,201942,DeMar DeRozan,1610612741.0,Chicago,Bulls,CHI,1,0,,,,,,1
0022300204,246,18,0,2,8:54 PM,6:14,,Instant Replay2nd Period (8:54 PM EST),,35 - 27,-8,0,244,Dee Brown,,,,,0,0,,,,,,1,0,,,,,,0
0022300204,247,3,13,2,8:56 PM,6:14,MISS DeRozan Free Throw 1 of 3,,,,,4,201942,DeMar DeRozan,1610612741.0,Chicago,Bulls,CHI,0,0,,,,,,0,0,,,,,,1
0022300204,248,4,1,2,8:56 PM,6:14,BULLS Rebound,,,,,2,1610612741,,,,,,0,0,,,,,,0,0,,,,,,0
0022300204,249,3,14,2,8:56 PM,6:14,MISS DeRozan Free Throw 2 of 3,,,,,4,201942,DeMar DeRozan,1610612741.0,Chicago,Bulls,CHI,0,0,,,,,,0,0,,,,,,1
0022300204,250,4,1,2,8:56 PM,6:14,BULLS Rebound,,,,,2,1610612741,,,,,,0,0,,,,,,0,0,,,,,,0
0022300204,251,8,0,2,8:56 PM,6:14,,,SUB: Highsmith FOR Jaquez Jr.,,,5,1631170,Jaime Jaquez Jr.,1610612748.0,Miami,Heat,MIA,5,1629312,Haywood Highsmith,1610612748.0,Miami,Heat,MIA,0,0,,,,,,0
0022300204,253,3,15,2,8:56 PM,6:14,DeRozan Free Throw 3 of 3 (6 PTS),,,35 - 28,-7,4,201942,DeMar DeRozan,1610612741.0,Chicago,Bulls,CHI,0,0,,,,,,0,0,,,,,,1
0022300204,254,2,1,2,8:57 PM,5:56,,,MISS Love 26' 3PT Jump Shot,,,5,201567,Kevin Love,1610612748.0,Miami,Heat,MIA,0,0,,,,,,0,0,,,,,,1
0022300204,255,4,0,2,8:57 PM,5:53,DeRozan REBOUND (Off:0 Def:1),,,,,4,201942,DeMar DeRozan,1610612741.0,Chicago,Bulls,CHI,0,0,,,,,,0,0,,,,,,1
0022300204,256,1,6,2,8:57 PM,5:45,White 1' Driving Layup (2 PTS) (DeRozan 3 AST),,,35 - 30,-5,4,1629632,Coby White,1610612741.0,Chicago,Bulls,CHI,4,201942,DeMar DeRozan,1610612741.0,Chicago,Bulls,CHI,0,0,,,,,,1
0022300204,258,5,1,2,8:57 PM,5:37,LaVine STEAL (2 STL),,Highsmith Bad Pass Turnover (P2.T7),,,5,1629312,Haywood Highsmith,1610612748.0,Miami,Heat,MIA,4,203897,Zach LaVine,1610612741.0,Chicago,Bulls,CHI,0,0,,,,,,1
0022300204,260,1,2,2,8:57 PM,5:32,White 26' 3PT Running Jump Shot (5 PTS) (Caruso 2 AST),,,35 - 33,-2,4,1629632,Coby White,1610612741.0,Chicago,Bulls,CHI,4,1627936,Alex Caruso,1610612741.0,Chicago,Bulls,CHI,0,0,,,,,,1
0022300204,262,9,1,2,8:57 PM,5:29,,,Heat Timeout: Regular (Reg.2 Short 0),,,3,1610612748,,,,,,0,0,,,,,,0,0,,,,,,0
0022300204,263,2,1,2,9:00 PM,5:15,,,MISS Highsmith 24' 3PT Jump Shot,,,5,1629312,Haywood Highsmith,1610612748.0,Miami,Heat,MIA,0,0,,,,,,0,0,,,,,,1
0022300204,264,4,0,2,9:00 PM,5:13,White REBOUND (Off:0 Def:1),,,,,4,1629632,Coby White,1610612741.0,Chicago,Bulls,CHI,0,0,,,,,,0,0,,,,,,1
0022300204,265,2,1,2,9:01 PM,4:54,MISS White 28' 3PT Jump Shot,,,,,4,1629632,Coby White,1610612741.0,Chicago,Bulls,CHI,0,0,,,,,,0,0,,,,,,1
0022300204,266,4,0,2,9:01 PM,4:50,,,Love REBOUND (Off:0 Def:2),,,5,201567,Kevin Love,1610612748.0,Miami,Heat,MIA,0,0,,,,,,0,0,,,,,,1
0022300204,267,1,1,2,9:01 PM,4:36,,,Love 27' 3PT Jump Shot (3 PTS) (Lowry 4 AST),38 - 33,-5,5,201567,Kevin Love,1610612748.0,Miami,Heat,MIA,5,200768,Kyle Lowry,1610612748.0,Miami,Heat,MIA,0,0,,,,,,1
0022300204,269,5,2,2,9:01 PM,4:14,Vucevic Lost Ball Turnover (P2.T6),,Butler STEAL (1 STL),,,4,202696,Nikola Vučević,1610612741.0,Chicago,Bulls,CHI,5,202710,Jimmy Butler III,1610612748.0,Miami,Heat,MIA,0,0,,,,,,1
0022300204,271,1,2,2,9:02 PM,4:08,,,Lowry 25' 3PT Running Jump Shot (3 PTS) (Love 1 AST),41 - 33,-8,5,200768,Kyle Lowry,1610612748.0,Miami,Heat,MIA,5,201567,Kevin Love,1610612748.0,Miami,Heat,MIA,0,0,,,,,,1
0022300204,273,1,1,2,9:02 PM,3:48,Vucevic 12' Jump Shot (6 PTS) (Caruso 3 AST),,,41 - 35,-6,4,202696,Nikola Vučević,1610612741.0,Chicago,Bulls,CHI,4,1627936,Alex Caruso,1610612741.0,Chicago,Bulls,CHI,0,0,,,,,,1
0022300204,275,2,1,2,9:02 PM,3:38,,,MISS Love 27' 3PT Jump Shot,,,5,201567,Kevin Love,1610612748.0,Miami,Heat,MIA,0,0,,,,,,0,0,,,,,,1
0022300204,276,4,0,2,9:02 PM,3:36,,,Highsmith REBOUND (Off:1 Def:2),,,5,1629312,Haywood Highsmith,1610612748.0,Miami,Heat,MIA,0,0,,,,,,0,0,,,,,,1
0022300204,277,2,97,2,9:02 PM,3:36,,,MISS Highsmith Tip Layup Shot,,,5,1629312,Haywood Highsmith,1610612748.0,Miami,Heat,MIA,0,0,,,,,,0,0,,,,,,1
0022300204,278,4,0,2,9:02 PM,3:36,,,Heat Rebound,,,3,1610612748,,,,,,0,0,,,,,,0,0,,,,,,0
0022300204,280,1,86,2,9:03 PM,3:22,,,Lowry 17' Turnaround Fadeaway (5 PTS) (Richardson 1 AST),43 - 35,-8,5,200768,Kyle Lowry,1610612748.0,Miami,Heat,MIA,5,1626196,Josh Richardson,1610612748.0,Miami,Heat,MIA,0,0,,,,,,1
0022300204,281,2,1,2,9:03 PM,3:01,MISS White 24' 3PT Jump Shot,,,,,4,1629632,Coby White,1610612741.0,Chicago,Bulls,CHI,0,0,,,,,,0,0,,,,,,1
0022300204,282,4,0,2,9:03 PM,2:58,DeRozan REBOUND (Off:1 Def:1),,,,,4,201942,DeMar DeRozan,1610612741.0,Chicago,Bulls,CHI,0,0,,,,,,0,0,,,,,,1
0022300204,283,2,79,2,9:03 PM,2:49,MISS Vucevic 13' Pullup Jump Shot,,,,,4,202696,Nikola Vučević,1610612741.0,Chicago,Bulls,CHI,0,0,,,,,,0,0,,,,,,1
0022300204,284,4,0,2,9:03 PM,2:46,,,Love REBOUND (Off:0 Def:3),,,5,201567,Kevin Love,1610612748.0,Miami,Heat,MIA,0,0,,,,,,0,0,,,,,,1
0022300204,285,2,2,2,9:03 PM,2:41,,,MISS Richardson 3PT Running Jump Shot,,,5,1626196,Josh Richardson,1610612748.0,Miami,Heat,MIA,0,0,,,,,,0,0,,,,,,1
0022300204,286,4,0,2,9:03 PM,2:39,Vucevic REBOUND (Off:0 Def:2),,,,,4,202696,Nikola Vučević,1610612741.0,Chicago,Bulls,CHI,0,0,,,,,,0,0,,,,,,1
0022300204,287,6,2,2,9:03 PM,2:33,,,Butler S.FOUL (P1.T4) (T.Maddox),,,5,202710,Jimmy Butler III,1610612748.0,Miami,Heat,MIA,4,201942,DeMar DeRozan,1610612741.0,Chicago,Bulls,CHI,1,0,,,,,,1
0022300204,289,3,11,2,9:04 PM,2:33,MISS DeRozan Free Throw 1 of 2,,,,,4,201942,DeMar DeRozan,1610612741.0,Chicago,Bulls,CHI,0,0,,,,,,0,0,,,,,,1
0022300204,290,4,1,2,9:04 PM,2:33,BULLS Rebound,,,,,2,1610612741,,,,,,0,0,,,,,,0,0,,,,,,1
0022300204,295,3,12,2,9:04 PM,2:33,DeRozan Free Throw 2 of 2 (7 PTS),,,43 - 36,-7,4,201942,DeMar DeRozan,1610612741.0,Chicago,Bulls,CHI,0,0,,,,,,0,0,,,,,,1
0022300204,291,8,0,2,9:04 PM,2:33,,,SUB: D. Robinson FOR Richardson,,,5,1626196,Josh Richardson,1610612748.0,Miami,Heat,MIA,5,1629130,Duncan Robinson,1610612748.0,Miami,Heat,MIA,0,0,,,,,,0
0022300204,292,8,0,2,9:04 PM,2:33,,,SUB: Adebayo FOR Love,,,5,201567,Kevin Love,1610612748.0,Miami,Heat,MIA,5,1628389,Bam Adebayo,1610612748.0,Miami,Heat,MIA,0,0,,,,,,0
0022300204,296,6,2,2,9:05 PM,2:26,Vucevic S.FOUL (P2.PN) (T.Maddox),,,,,4,202696,Nikola Vučević,1610612741.0,Chicago,Bulls,CHI,5,1628389,Bam Adebayo,1610612748.0,Miami,Heat,MIA,1,0,,,,,,1
0022300204,298,3,11,2,9:05 PM,2:26,,,Adebayo Free Throw 1 of 2 (15 PTS),44 - 36,-8,5,1628389,Bam Adebayo,1610612748.0,Miami,Heat,MIA,0,0,,,,,,0,0,,,,,,1
0022300204,299,3,12,2,9:05 PM,2:26,,,Adebayo Free Throw 2 of 2 (16 PTS),45 - 36,-9,5,1628389,Bam Adebayo,1610612748.0,Miami,Heat,MIA,0,0,,,,,,0,0,,,,,,1
0022300204,300,6,1,2,9:06 PM,2:17,,,Highsmith P.FOUL (P1.PN) (C.Blair),,,5,1629312,Haywood Highsmith,1610612748.0,Miami,Heat,MIA,4,201942,DeMar DeRozan,1610612741.0,Chicago,Bulls,CHI,1,0,,,,,,1
0022300204,302,3,11,2,9:06 PM,2:17,DeRozan Free Throw 1 of 2 (8 PTS),,,45 - 37,-8,4,201942,DeMar DeRozan,1610612741.0,Chicago,Bulls,CHI,0,0,,,,,,0,0,,,,,,1
0022300204,303,3,12,2,9:06 PM,2:17,DeRozan Free Throw 2 of 2 (9 PTS),,,45 - 38,-7,4,201942,DeMar DeRozan,1610612741.0,Chicago,Bulls,CHI,0,0,,,,,,0,0,,,,,,1
0022300204,304,2,1,2,9:07 PM,1:54,,,MISS Highsmith 3PT Jump Shot,,,5,1629312,Haywood Highsmith,1610612748.0,Miami,Heat,MIA,0,0,,,,,,0,0,,,,,,1
0022300204,305,4,0,2,9:07 PM,1:51,Vucevic REBOUND (Off:0 Def:3),,,,,4,202696,Nikola Vučević,1610612741.0,Chicago,Bulls,CHI,0,0,,,,,,0,0,,,,,,1
0022300204,306,2,47,2,9:07 PM,1:39,MISS DeRozan 15' Turnaround Jump Shot,,,,,4,201942,DeMar DeRozan,1610612741.0,Chicago,Bulls,CHI,0,0,,,,,,0,0,,,,,,1
0022300204,307,4,0,2,9:07 PM,1:35,Caruso REBOUND (Off:1 Def:0),,,,,4,1627936,Alex Caruso,1610612741.0,Chicago,Bulls,CHI,0,0,,,,,,0,0,,,,,,1
0022300204,308,1,97,2,9:07 PM,1:35,Caruso Tip Layup Shot (3 PTS),,,45 - 40,-5,4,1627936,Alex Caruso,1610612741.0,Chicago,Bulls,CHI,0,0,,,,,,0,0,,,,,,1
0022300204,309,2,1,2,9:07 PM,1:21,,,MISS Butler 13' Jump Shot,,,5,202710,Jimmy Butler III,1610612748.0,Miami,Heat,MIA,0,0,,,,,,0,0,,,,,,1
0022300204,310,4,0,2,9:07 PM,1:21,,,Heat Rebound,,,3,1610612748,,,,,,0,0,,,,,,0,0,,,,,,0
0022300204,311,6,3,2,9:07 PM,1:21,Caruso L.B.FOUL (P1.PN) (C.Blair),,,,,4,1627936,Alex Caruso,1610612741.0,Chicago,Bulls,CHI,5,1628389,Bam Adebayo,1610612748.0,Miami,Heat,MIA,1,0,,,,,,1
0022300204,314,3,11,2,9:09 PM,1:21,,,Adebayo Free Throw 1 of 2 (17 PTS),46 - 40,-6,5,1628389,Bam Adebayo,1610612748.0,Miami,Heat,MIA,0,0,,,,,,0,0,,,,,,1
0022300204,315,3,12,2,9:09 PM,1:21,,,Adebayo Free Throw 2 of 2 (18 PTS),47 - 40,-7,5,1628389,Bam Adebayo,1610612748.0,Miami,Heat,MIA,0,0,,,,,,0,0,,,,,,1
0022300204,316,2,1,2,9:09 PM,1:03,MISS Caruso 24' 3PT Jump Shot,,,,,4,1627936,Alex Caruso,1610612741.0,Chicago,Bulls,CHI,0,0,,,,,,0,0,,,,,,1
0022300204,317,4,0,2,9:09 PM,0:58,,,Adebayo REBOUND (Off:1 Def:6),,,5,1628389,Bam Adebayo,1610612748.0,Miami,Heat,MIA,0,0,,,,,,0,0,,,,,,1
0022300204,318,2,1,2,9:09 PM,0:50,,,MISS Lowry 27' 3PT Jump Shot,,,5,200768,Kyle Lowry,1610612748.0,Miami,Heat,MIA,0,0,,,,,,0,0,,,,,,1
0022300204,319,4,0,2,9:10 PM,0:48,,,Heat Rebound,,,3,1610612748,,,,,,0,0,,,,,,0,0,,,,,,0
0022300204,321,6,2,2,9:10 PM,0:38,White S.FOUL (P3.PN) (T.Maddox),,,,,4,1629632,Coby White,1610612741.0,Chicago,Bulls,CHI,5,202710,Jimmy Butler III,1610612748.0,Miami,Heat,MIA,1,0,,,,,,1
0022300204,323,3,11,2,9:10 PM,0:38,,,Butler Free Throw 1 of 2 (10 PTS),48 - 40,-8,5,202710,Jimmy Butler III,1610612748.0,Miami,Heat,MIA,0,0,,,,,,0,0,,,,,,1
0022300204,324,8,0,2,9:10 PM,0:38,,,SUB: Richardson FOR D. Robinson,,,5,1629130,Duncan Robinson,1610612748.0,Miami,Heat,MIA,5,1626196,Josh Richardson,1610612748.0,Miami,Heat,MIA,0,0,,,,,,0
0022300204,326,3,12,2,9:11 PM,0:38,,,Butler Free Throw 2 of 2 (11 PTS),49 - 40,-9,5,202710,Jimmy Butler III,1610612748.0,Miami,Heat,MIA,0,0,,,,,,0,0,,,,,,1
0022300204,327,5,1,2,9:11 PM,0:34,DeRozan Bad Pass Turnover (P2.T7),,Highsmith STEAL (2 STL),,,4,201942,DeMar DeRozan,1610612741.0,Chicago,Bulls,CHI,5,1629312,Haywood Highsmith,1610612748.0,Miami,Heat,MIA,0,0,,,,,,1
0022300204,329,2,1,2,9:11 PM,0:27,,,MISS Butler 3PT Jump Shot,,,5,202710,Jimmy Butler III,1610612748.0,Miami,Heat,MIA,0,0,,,,,,0,0,,,,,,1
0022300204,330,4,0,2,9:11 PM,0:26,,,Heat Rebound,,,3,1610612748,,,,,,0,0,,,,,,0,0,,,,,,0
0022300204,332,8,0,2,9:11 PM,0:26,,,SUB: D. Robinson FOR Richardson,,,5,1626196,Josh Richardson,1610612748.0,Miami,Heat,MIA,5,1629130,Duncan Robinson,1610612748.0,Miami,Heat,MIA,0,0,,,,,,0
0022300204,334,8,0,2,9:11 PM,0:26,SUB: Carter FOR White,,,,,4,1629632,Coby White,1610612741.0,Chicago,Bulls,CHI,4,1628975,Jevon Carter,1610612741.0,Chicago,Bulls,CHI,0,0,,,,,,0
0022300204,338,6,6,2,9:13 PM,0:26,Carter AWAY.FROM.PLAY.FOUL (P2.PN) (C.Blair),,,,,4,1628975,Jevon Carter,1610612741.0,Chicago,Bulls,CHI,5,1629312,Haywood Highsmith,1610612748.0,Miami,Heat,MIA,1,0,,,,,,0
0022300204,340,18,0,2,9:14 PM,0:26,,Instant Replay2nd Period (9:14 PM EST),,49 - 40,-9,0,338,,,,,,0,0,,,,,,1,0,,,,,,0
0022300204,341,3,10,2,9:14 PM,0:26,,,Butler Free Throw 1 of 1 (12 PTS),50 - 40,-10,5,202710,Jimmy Butler III,1610612748.0,Miami,Heat,MIA,0,0,,,,,,0,0,,,,,,1
0022300204,342,2,79,2,9:14 PM,0:12,,,MISS Lowry 31' 3PT Pullup Jump Shot,,,5,200768,Kyle Lowry,1610612748.0,Miami,Heat,MIA,0,0,,,,,,0,0,,,,,,1
0022300204,343,4,0,2,9:14 PM,0:09,Vucevic REBOUND (Off:0 Def:4),,,,,4,202696,Nikola Vučević,1610612741.0,Chicago,Bulls,CHI,0,0,,,,,,0,0,,,,,,1
0022300204,344,2,1,2,9:14 PM,0:00,MISS LaVine 26' 3PT Jump Shot,,,,,4,203897,Zach LaVine,1610612741.0,Chicago,Bulls,CHI,0,0,,,,,,0,0,,,,,,1
0022300204,345,4,0,2,9:14 PM,0:00,BULLS Rebound,,,,,2,1610612741,,,,,,0,0,,,,,,0,0,,,,,,1
0022300204,346,13,0,2,9:14 PM,0:00,,End of 2nd Period (9:14 PM EST),,50 - 40,-10,0,0,,,,,,0,0,,,,,,0,0,,,,,,1
0022300204,349,12,0,3,9:30 PM,12:00,,Start of 3rd Period (9:30 PM EST),,50 - 40,-10,0,0,,,,,,0,0,,,,,,0,0,,,,,,0
0022300204,350,1,1,3,9:30 PM,11:39,Vucevic 11' Jump Shot (8 PTS) (LaVine 1 AST),,,50 - 42,-8,4,202696,Nikola Vučević,1610612741.0,Chicago,Bulls,CHI,4,203897,Zach LaVine,1610612741.0,Chicago,Bulls,CHI,0,0,,,,,,1
0022300204,352,1,79,3,9:30 PM,11:19,,,Adebayo 16' Pullup Jump Shot (20 PTS) (D. Robinson 5 AST),52 - 42,-10,5,1628389,Bam Adebayo,1610612748.0,Miami,Heat,MIA,5,1629130,Duncan Robinson,1610612748.0,Miami,Heat,MIA,0,0,,,,,,1
0022300204,354,2,1,3,9:31 PM,11:00,MISS Vucevic 26' 3PT Jump Shot,,,,,4,202696,Nikola Vučević,1610612741.0,Chicago,Bulls,CHI,0,0,,,,,,0,0,,,,,,1
0022300204,355,4,0,3,9:31 PM,10:57,,,Lowry REBOUND (Off:0 Def:1),,,5,200768,Kyle Lowry,1610612748.0,Miami,Heat,MIA,0,0,,,,,,0,0,,,,,,1
0022300204,356,2,1,3,9:31 PM,10:47,,,MISS Adebayo 16' Jump Shot,,,5,1628389,Bam Adebayo,1610612748.0,Miami,Heat,MIA,0,0,,,,,,0,0,,,,,,1
0022300204,357,4,0,3,9:31 PM,10:45,LaVine REBOUND (Off:0 Def:5),,,,,4,203897,Zach LaVine,1610612741.0,Chicago,Bulls,CHI,0,0,,,,,,0,0,,,,,,1
0022300204,358,1,103,3,9:31 PM,10:41,LaVine 26' 3PT Running Pull-Up Jump Shot (5 PTS),,,52 - 45,-7,4,203897,Zach LaVine,1610612741.0,Chicago,Bulls,CHI,0,0,,,,,,0,0,,,,,,1
0022300204,359,1,80,3,9:31 PM,10:15,,,Adebayo 15' Step Back Jump Shot (22 PTS),54 - 45,-9,5,1628389,Bam Adebayo,1610612748.0,Miami,Heat,MIA,0,0,,,,,,0,0,,,,,,1
0022300204,360,2,1,3,9:32 PM,9:56,MISS LaVine 27' 3PT Jump Shot,,,,,4,203897,Zach LaVine,1610612741.0,Chicago,Bulls,CHI,0,0,,,,,,0,0,,,,,,1
0022300204,361,4,0,3,9:32 PM,9:56,,,Heat Rebound,,,3,1610612748,,,,,,0,0,,,,,,0,0,,,,,,1
0022300204,363,1,86,3,9:32 PM,9:33,,,Adebayo 13' Turnaround Fadeaway (24 PTS),56 - 45,-11,5,1628389,Bam Adebayo,1610612748.0,Miami,Heat,MIA,0,0,,,,,,0,0,,,,,,1
0022300204,365,1,79,3,9:33 PM,9:07,White 27' 3PT Pullup Jump Shot (8 PTS) (LaVine 2 AST),,,56 - 48,-8,4,1629632,Coby White,1610612741.0,Chicago,Bulls,CHI,4,203897,Zach LaVine,1610612741.0,Chicago,Bulls,CHI,0,0,,,,,,1
0022300204,367,1,43,3,9:33 PM,8:56,,,Butler 1' Alley Oop Layup (14 PTS) (Adebayo 2 AST),58 - 48,-10,5,202710,Jimmy Butler III,1610612748.0,Miami,Heat,MIA,5,1628389,Bam Adebayo,1610612748.0,Miami,Heat,MIA,0,0,,,,,,1
0022300204,369,5,1,3,9:33 PM,8:45,Caruso Bad Pass Turnover (P1.T8),,Highsmith STEAL (3 STL),,,4,1627936,Alex Caruso,1610612741.0,Chicago,Bulls,CHI,5,1629312,Haywood Highsmith,1610612748.0,Miami,Heat,MIA,0,0,,,,,,1
0022300204,371,6,1,3,9:34 PM,8:32,White P.FOUL (P4.T1) (I.Hwang),,,,,4,1629632,Coby White,1610612741.0,Chicago,Bulls,CHI,5,202710,Jimmy Butler III,1610612748.0,Miami,Heat,MIA,1,0,,,,,,1
0022300204,376,6,2,3,9:35 PM,8:21,LaVine S.FOUL (P1.T2) (C.Blair),,,,,4,203897,Zach LaVine,1610612741.0,Chicago,Bulls,CHI,5,1629130,Duncan Robinson,1610612748.0,Miami,Heat,MIA,1,0,,,,,,1
0022300204,378,3,11,3,9:35 PM,8:21,,,MISS D. Robinson Free Throw 1 of 2,,,5,1629130,Duncan Robinson,1610612748.0,Miami,Heat,MIA,0,0,,,,,,0,0,,,,,,1
0022300204,379,4,1,3,9:35 PM,8:21,,,Heat Rebound,,,3,1610612748,,,,,,0,0,,,,,,0,0,,,,,,1
0022300204,380,9,1,3,9:35 PM,8:21,BULLS Timeout: Regular (Full 4 Short 0),,,,,2,1610612741,,,,,,0,0,,,,,,0,0,,,,,,0
0022300204,381,3,12,3,9:38 PM,8:21,,,D. Robinson Free Throw 2 of 2 (8 PTS),59 - 48,-11,5,1629130,Duncan Robinson,1610612748.0,Miami,Heat,MIA,0,0,,,,,,0,0,,,,,,1
0022300204,382,2,86,3,9:39 PM,8:02,MISS Caruso 7' Turnaround Fadeaway Shot,,,,,4,1627936,Alex Caruso,1610612741.0,Chicago,Bulls,CHI,0,0,,,,,,0,0,,,,,,1
0022300204,383,4,0,3,9:39 PM,8:00,,,Adebayo REBOUND (Off:1 Def:7),,,5,1628389,Bam Adebayo,1610612748.0,Miami,Heat,MIA,0,0,,,,,,0,0,,,,,,1
0022300204,384,1,2,3,9:39 PM,7:54,,,D. Robinson 26' 3PT Running Jump Shot (11 PTS) (Lowry 5 AST),62 - 48,-14,5,1629130,Duncan Robinson,1610612748.0,Miami,Heat,MIA,5,200768,Kyle Lowry,1610612748.0,Miami,Heat,MIA,0,0,,,,,,1
0022300204,386,2,1,3,9:39 PM,7:31,MISS White 3PT Jump Shot,,,,,4,1629632,Coby White,1610612741.0,Chicago,Bulls,CHI,0,0,,,,,,0,0,,,,,,1
0022300204,387,4,0,3,9:39 PM,7:28,Vucevic REBOUND (Off:1 Def:4),,,,,4,202696,Nikola Vučević,1610612741.0,Chicago,Bulls,CHI,0,0,,,,,,0,0,,,,,,1
0022300204,388,1,72,3,9:39 PM,7:28,Vucevic 3' Putback Layup (10 PTS),,,62 - 50,-12,4,202696,Nikola Vučević,1610612741.0,Chicago,Bulls,CHI,0,0,,,,,,0,0,,,,,,1
0022300204,389,2,79,3,9:39 PM,7:09,,,MISS Adebayo 11' Pullup Jump Shot,,,5,1628389,Bam Adebayo,1610612748.0,Miami,Heat,MIA,0,0,,,,,,0,0,,,,,,1
0022300204,390,4,0,3,9:39 PM,7:09,White REBOUND (Off:0 Def:2),,,,,4,1629632,Coby White,1610612741.0,Chicago,Bulls,CHI,0,0,,,,,,0,0,,,,,,1
0022300204,391,5,2,3,9:40 PM,7:02,White Lost Ball Turnover (P1.T9),,Lowry STEAL (2 STL),,,4,1629632,Coby White,1610612741.0,Chicago,Bulls,CHI,5,200768,Kyle Lowry,1610612748.0,Miami,Heat,MIA,0,0,,,,,,1
0022300204,393,5,40,3,9:40 PM,6:56,,,Highsmith Out of Bounds Lost Ball Turnover (P3.T8),,,5,1629312,Haywood Highsmith,1610612748.0,Miami,Heat,MIA,0,0,,,,,,1,0,,,,,,1
0022300204,394,8,0,3,9:40 PM,6:56,SUB: Craig FOR White,,,,,4,1629632,Coby White,1610612741.0,Chicago,Bulls,CHI,4,1628470,Torrey Craig,1610612741.0,Chicago,Bulls,CHI,0,0,,,,,,0
0022300204,396,1,1,3,9:40 PM,6:42,Caruso 25' 3PT Jump Shot (6 PTS) (LaVine 3 AST),,,62 - 53,-9,4,1627936,Alex Caruso,1610612741.0,Chicago,Bulls,CHI,4,203897,Zach LaVine,1610612741.0,Chicago,Bulls,CHI,0,0,,,,,,1
0022300204,398,5,6,3,9:41 PM,6:21,,,Highsmith Double Dribble Turnover (P4.T9),,,5,1629312,Haywood Highsmith,1610612748.0,Miami,Heat,MIA,0,0,,,,,,1,0,,,,,,1
0022300204,399,2,79,3,9:41 PM,5:57,MISS DeRozan 27' 3PT Pullup Jump Shot,,,,,4,201942,DeMar DeRozan,1610612741.0,Chicago,Bulls,CHI,0,0,,,,,,0,0,,,,,,1
0022300204,400,4,0,3,9:41 PM,5:56,,,Heat Rebound,,,3,1610612748,,,,,,0,0,,,,,,0,0,,,,,,1
0022300204,401,6,3,3,9:41 PM,5:56,Craig L.B.FOUL (P1.T3) (I.Hwang),,,,,4,1628470,Torrey Craig,1610612741.0,Chicago,Bulls,CHI,5,200768,Kyle Lowry,1610612748.0,Miami,Heat,MIA,1,0,,,,,,1
0022300204,403,8,0,3,9:41 PM,5:56,,,SUB: Love FOR Adebayo,,,5,1628389,Bam Adebayo,1610612748.0,Miami,Heat,MIA,5,201567,Kevin Love,1610612748.0,Miami,Heat,MIA,0,0,,,,,,0
0022300204,404,8,0,3,9:41 PM,5:56,,,SUB: Jaquez Jr. FOR D. Robinson,,,5,1629130,Duncan Robinson,1610612748.0,Miami,Heat,MIA,5,1631170,Jaime Jaquez Jr.,1610612748.0,Miami,Heat,MIA,0,0,,,,,,0
0022300204,407,2,1,3,9:42 PM,5:38,,,MISS Butler 26' 3PT Jump Shot,,,5,202710,Jimmy Butler III,1610612748.0,Miami,Heat,MIA,0,0,,,,,,0,0,,,,,,1
0022300204,408,4,0,3,9:42 PM,5:34,,,Love REBOUND (Off:1 Def:3),,,5,201567,Kevin Love,1610612748.0,Miami,Heat,MIA,0,0,,,,,,0,0,,,,,,1
0022300204,409,1,97,3,9:42 PM,5:34,,,Love Tip Layup Shot (5 PTS),64 - 53,-11,5,201567,Kevin Love,1610612748.0,Miami,Heat,MIA,0,0,,,,,,0,0,,,,,,1
0022300204,410,2,80,3,9:42 PM,5:18,MISS LaVine 22' Step Back Jump Shot,,,,,4,203897,Zach LaVine,1610612741.0,Chicago,Bulls,CHI,0,0,,,,,,0,0,,,,,,1
0022300204,411,4,0,3,9:42 PM,5:15,,,Lowry REBOUND (Off:0 Def:2),,,5,200768,Kyle Lowry,1610612748.0,Miami,Heat,MIA,0,0,,,,,,0,0,,,,,,1
0022300204,412,1,1,3,9:42 PM,5:09,,,Lowry 3PT Jump Shot (8 PTS) (Love 2 AST),67 - 53,-14,5,200768,Kyle Lowry,1610612748.0,Miami,Heat,MIA,5,201567,Kevin Love,1610612748.0,Miami,Heat,MIA,0,0,,,,,,1
0022300204,414,1,1,3,9:43 PM,4:54,Vucevic 3PT Jump Shot (13 PTS) (LaVine 4 AST),,,67 - 56,-11,4,202696,Nikola Vučević,1610612741.0,Chicago,Bulls,CHI,4,203897,Zach LaVine,1610612741.0,Chicago,Bulls,CHI,0,0,,,,,,1
0022300204,416,2,6,3,9:43 PM,4:41,Vucevic BLOCK (1 BLK),,MISS Butler 2' Driving Layup,,,5,202710,Jimmy Butler III,1610612748.0,Miami,Heat,MIA,0,0,,,,,,4,202696,Nikola Vučević,1610612741.0,Chicago,Bulls,CHI,1
0022300204,418,4,0,3,9:43 PM,4:41,LaVine REBOUND (Off:0 Def:6),,,,,4,203897,Zach LaVine,1610612741.0,Chicago,Bulls,CHI,0,0,,,,,,0,0,,,,,,1
0022300204,419,1,41,3,9:43 PM,4:35,Caruso 1' Running Layup (8 PTS) (Craig 2 AST),,,67 - 58,-9,4,1627936,Alex Caruso,1610612741.0,Chicago,Bulls,CHI,4,1628470,Torrey Craig,1610612741.0,Chicago,Bulls,CHI,0,0,,,,,,1
0022300204,421,1,79,3,9:43 PM,4:16,,,Butler 12' Pullup Jump Shot (16 PTS),69 - 58,-11,5,202710,Jimmy Butler III,1610612748.0,Miami,Heat,MIA,0,0,,,,,,0,0,,,,,,1
0022300204,422,2,1,3,9:43 PM,4:01,MISS Craig 27' 3PT Jump Shot,,,,,4,1628470,Torrey Craig,1610612741.0,Chicago,Bulls,CHI,0,0,,,,,,0,0,,,,,,1
0022300204,423,4,0,3,9:43 PM,3:58,,,Love REBOUND (Off:1 Def:4),,,5,201567,Kevin Love,1610612748.0,Miami,Heat,MIA,0,0,,,,,,0,0,,,,,,1
0022300204,424,6,2,3,9:44 PM,3:51,Caruso S.FOUL (P2.T4) (T.Maddox),,,,,4,1627936,Alex Caruso,1610612741.0,Chicago,Bulls,CHI,5,202710,Jimmy Butler III,1610612748.0,Miami,Heat,MIA,1,0,,,,,,1
0022300204,426,3,11,3,9:44 PM,3:51,,,Butler Free Throw 1 of 2 (17 PTS),70 - 58,-12,5,202710,Jimmy Butler III,1610612748.0,Miami,Heat,MIA,0,0,,,,,,0,0,,,,,,1
0022300204,427,8,0,3,9:44 PM,3:51,SUB: Williams FOR Caruso,,,,,4,1627936,Alex Caruso,1610612741.0,Chicago,Bulls,CHI,4,1630172,Patrick Williams,1610612741.0,Chicago,Bulls,CHI,0,0,,,,,,0
0022300204,428,8,0,3,9:44 PM,3:51,SUB: Dosunmu FOR DeRozan,,,,,4,201942,DeMar DeRozan,1610612741.0,Chicago,Bulls,CHI,4,1630245,Ayo Dosunmu,1610612741.0,Chicago,Bulls,CHI,0,0,,,,,,0
0022300204,429,8,0,3,9:44 PM,3:51,,,SUB: Richardson FOR Highsmith,,,5,1629312,Haywood Highsmith,1610612748.0,Miami,Heat,MIA,5,1626196,Josh Richardson,1610612748.0,Miami,Heat,MIA,0,0,,,,,,0
0022300204,433,3,12,3,9:45 PM,3:51,,,Butler Free Throw 2 of 2 (18 PTS),71 - 58,-13,5,202710,Jimmy Butler III,1610612748.0,Miami,Heat,MIA,0,0,,,,,,0,0,,,,,,1
0022300204,434,5,45,3,9:45 PM,3:43,Dosunmu Out of Bounds - Bad Pass Turnover Turnover (P1.T10),,,,,4,1630245,Ayo Dosunmu,1610612741.0,Chicago,Bulls,CHI,0,0,,,,,,1,0,,,,,,1
0022300204,435,6,1,3,9:45 PM,3:35,Dosunmu P.FOUL (P2.PN) (I.Hwang),,,,,4,1630245,Ayo Dosunmu,1610612741.0,Chicago,Bulls,CHI,5,201567,Kevin Love,1610612748.0,Miami,Heat,MIA,1,0,,,,,,1
0022300204,437,3,11,3,9:46 PM,3:35,,,MISS Love Free Throw 1 of 2,,,5,201567,Kevin Love,1610612748.0,Miami,Heat,MIA,0,0,,,,,,0,0,,,,,,1
0022300204,438,4,1,3,9:46 PM,3:35,,,Heat Rebound,,,3,1610612748,,,,,,0,0,,,,,,0,0,,,,,,1
0022300204,441,3,12,3,9:46 PM,3:35,,,MISS Love Free Throw 2 of 2,,,5,201567,Kevin Love,1610612748.0,Miami,Heat,MIA,0,0,,,,,,0,0,,,,,,1
0022300204,439,8,0,3,9:46 PM,3:35,SUB: Drummond FOR Vucevic,,,,,4,202696,Nikola Vučević,1610612741.0,Chicago,Bulls,CHI,4,203083,Andre Drummond,1610612741.0,Chicago,Bulls,CHI,0,0,,,,,,0
0022300204,442,4,0,3,9:46 PM,3:32,Craig REBOUND (Off:1 Def:3),,,,,4,1628470,Torrey Craig,1610612741.0,Chicago,Bulls,CHI,0,0,,,,,,0,0,,,,,,1
0022300204,443,1,76,3,9:46 PM,3:26,LaVine 1' Running Finger Roll Layup (7 PTS),,,71 - 60,-11,4,203897,Zach LaVine,1610612741.0,Chicago,Bulls,CHI,0,0,,,,,,0,0,,,,,,1
0022300204,444,2,6,3,9:47 PM,3:02,,,MISS Lowry 2' Driving Layup,,,5,200768,Kyle Lowry,1610612748.0,Miami,Heat,MIA,0,0,,,,,,0,0,,,,,,1
0022300204,445,4,0,3,9:47 PM,3:02,Williams REBOUND (Off:1 Def:1),,,,,4,1630172,Patrick Williams,1610612741.0,Chicago,Bulls,CHI,0,0,,,,,,0,0,,,,,,1
0022300204,446,2,47,3,9:47 PM,2:53,MISS Williams 10' Turnaround Jump Shot,,,,,4,1630172,Patrick Williams,1610612741.0,Chicago,Bulls,CHI,0,0,,,,,,0,0,,,,,,1
0022300204,447,4,0,3,9:47 PM,2:51,,,Richardson REBOUND (Off:0 Def:1),,,5,1626196,Josh Richardson,1610612748.0,Miami,Heat,MIA,0,0,,,,,,0,0,,,,,,1
0022300204,448,2,1,3,9:47 PM,2:46,,,MISS Love 25' 3PT Jump Shot,,,5,201567,Kevin Love,1610612748.0,Miami,Heat,MIA,0,0,,,,,,0,0,,,,,,1
0022300204,449,4,0,3,9:47 PM,2:42,Craig REBOUND (Off:1 Def:4),,,,,4,1628470,Torrey Craig,1610612741.0,Chicago,Bulls,CHI,0,0,,,,,,0,0,,,,,,1
0022300204,450,2,1,3,9:47 PM,2:29,MISS Dosunmu 3PT Jump Shot,,,,,4,1630245,Ayo Dosunmu,1610612741.0,Chicago,Bulls,CHI,0,0,,,,,,0,0,,,,,,1
0022300204,451,4,0,3,9:47 PM,2:25,,,Love REBOUND (Off:1 Def:5),,,5,201567,Kevin Love,1610612748.0,Miami,Heat,MIA,0,0,,,,,,0,0,,,,,,1
0022300204,452,1,1,3,9:47 PM,2:13,,,Jaquez Jr. 26' 3PT Jump Shot (6 PTS) (Butler 2 AST),74 - 60,-14,5,1631170,Jaime Jaquez Jr.,1610612748.0,Miami,Heat,MIA,5,202710,Jimmy Butler III,1610612748.0,Miami,Heat,MIA,0,0,,,,,,1
0022300204,454,2,79,3,9:48 PM,1:51,MISS LaVine 27' 3PT Pullup Jump Shot,,,,,4,203897,Zach LaVine,1610612741.0,Chicago,Bulls,CHI,0,0,,,,,,0,0,,,,,,1
0022300204,455,4,0,3,9:48 PM,1:48,Williams REBOUND (Off:2 Def:1),,,,,4,1630172,Patrick Williams,1610612741.0,Chicago,Bulls,CHI,0,0,,,,,,0,0,,,,,,1
0022300204,456,1,72,3,9:48 PM,1:45,Williams 1' Putback Layup (2 PTS),,,74 - 62,-12,4,1630172,Patrick Williams,1610612741.0,Chicago,Bulls,CHI,0,0,,,,,,0,0,,,,,,1
0022300204,457,2,1,3,9:48 PM,1:37,,,MISS Lowry 25' 3PT Jump Shot,,,5,200768,Kyle Lowry,1610612748.0,Miami,Heat,MIA,0,0,,,,,,0,0,,,,,,1
0022300204,458,4,0,3,9:48 PM,1:33,Drummond REBOUND (Off:1 Def:4),,,,,4,203083,Andre Drummond,1610612741.0,Chicago,Bulls,CHI,0,0,,,,,,0,0,,,,,,1
0022300204,459,1,9,3,9:48 PM,1:28,Craig 1' Driving Dunk (5 PTS) (Dosunmu 2 AST),,,74 - 64,-10,4,1628470,Torrey Craig,1610612741.0,Chicago,Bulls,CHI,4,1630245,Ayo Dosunmu,1610612741.0,Chicago,Bulls,CHI,0,0,,,,,,1
0022300204,461,9,1,3,9:48 PM,1:28,,,Heat Timeout: Regular (Reg.3 Short 0),,,3,1610612748,,,,,,0,0,,,,,,0,0,,,,,,0
0022300204,462,8,0,3,9:50 PM,1:28,SUB: DeRozan FOR LaVine,,,,,4,203897,Zach LaVine,1610612741.0,Chicago,Bulls,CHI,4,201942,DeMar DeRozan,1610612741.0,Chicago,Bulls,CHI,0,0,,,,,,0
0022300204,463,8,0,3,9:50 PM,1:28,,,SUB: Martin FOR Lowry,,,5,200768,Kyle Lowry,1610612748.0,Miami,Heat,MIA,5,1628997,Caleb Martin,1610612748.0,Miami,Heat,MIA,0,0,,,,,,0
0022300204,464,8,0,3,9:50 PM,1:28,,,SUB: D. Robinson FOR Butler,,,5,202710,Jimmy Butler III,1610612748.0,Miami,Heat,MIA,5,1629130,Duncan Robinson,1610612748.0,Miami,Heat,MIA,0,0,,,,,,0
0022300204,465,8,0,3,9:50 PM,1:28,,,SUB: Adebayo FOR Love,,,5,201567,Kevin Love,1610612748.0,Miami,Heat,MIA,5,1628389,Bam Adebayo,1610612748.0,Miami,Heat,MIA,0,0,,,,,,0
0022300204,470,5,2,3,9:51 PM,1:06,Drummond STEAL (1 STL),,Adebayo Lost Ball Turnover (P1.T10),,,5,1628389,Bam Adebayo,1610612748.0,Miami,Heat,MIA,4,203083,Andre Drummond,1610612741.0,Chicago,Bulls,CHI,0,0,,,,,,1
0022300204,472,6,2,3,9:52 PM,0:55,,,Jaquez Jr. S.FOUL (P4.T1) (C.Blair),,,5,1631170,Jaime Jaquez Jr.,1610612748.0,Miami,Heat,MIA,4,201942,DeMar DeRozan,1610612741.0,Chicago,Bulls,CHI,1,0,,,,,,1
0022300204,474,3,11,3,9:52 PM,0:55,DeRozan Free Throw 1 of 2 (10 PTS),,,74 - 65,-9,4,201942,DeMar DeRozan,1610612741.0,Chicago,Bulls,CHI,0,0,,,,,,0,0,,,,,,1
0022300204,475,3,12,3,9:53 PM,0:55,DeRozan Free Throw 2 of 2 (11 PTS),,,74 - 66,-8,4,201942,DeMar DeRozan,1610612741.0,Chicago,Bulls,CHI,0,0,,,,,,0,0,,,,,,1
0022300204,476,1,9,3,9:53 PM,0:43,,,Martin Driving Dunk (2 PTS) (Richardson 2 AST),76 - 66,-10,5,1628997,Caleb Martin,1610612748.0,Miami,Heat,MIA,5,1626196,Josh Richardson,1610612748.0,Miami,Heat,MIA,0,0,,,,,,1
0022300204,478,1,63,3,9:53 PM,0:28,Craig 6' Fadeaway Jumper (7 PTS),,,76 - 68,-8,4,1628470,Torrey Craig,1610612741.0,Chicago,Bulls,CHI,0,0,,,,,,0,0,,,,,,1
0022300204,479,2,1,3,9:53 PM,0:05,,,MISS Richardson 24' 3PT Jump Shot,,,5,1626196,Josh Richardson,1610612748.0,Miami,Heat,MIA,0,0,,,,,,0,0,,,,,,1
0022300204,480,4,0,3,9:54 PM,0:02,Drummond REBOUND (Off:1 Def:5),,,,,4,203083,Andre Drummond,1610612741.0,Chicago,Bulls,CHI,0,0,,,,,,0,0,,,,,,1
0022300204,481,5,4,3,9:54 PM,0:00,DeRozan Traveling Turnover (P3.T11),,,,,4,201942,DeMar DeRozan,1610612741.0,Chicago,Bulls,CHI,0,0,,,,,,1,0,,,,,,1
0022300204,482,13,0,3,9:54 PM,0:00,,End of 3rd Period (9:54 PM EST),,76 - 68,-8,0,0,,,,,,0,0,,,,,,0,0,,,,,,1
0022300204,483,12,0,4,9:57 PM,12:00,,Start of 4th Period (9:57 PM EST),,76 - 68,-8,0,0,,,,,,0,0,,,,,,0,0,,,,,,0
0022300204,484,6,1,4,9:57 PM,11:44,Williams P.FOUL (P2.T1) (I.Hwang),,,,,4,1630172,Patrick Williams,1610612741.0,Chicago,Bulls,CHI,5,1628389,Bam Adebayo,1610612748.0,Miami,Heat,MIA,1,0,,,,,,1
0022300204,486,8,0,4,9:57 PM,11:44,SUB: Carter FOR Dosunmu,,,,,4,1630245,Ayo Dosunmu,1610612741.0,Chicago,Bulls,CHI,4,1628975,Jevon Carter,1610612741.0,Chicago,Bulls,CHI,0,0,,,,,,0
0022300204,487,8,0,4,9:57 PM,11:44,SUB: White FOR Williams,,,,,4,1630172,Patrick Williams,1610612741.0,Chicago,Bulls,CHI,4,1629632,Coby White,1610612741.0,Chicago,Bulls,CHI,0,0,,,,,,0
0022300204,490,2,71,4,9:58 PM,11:29,,,MISS Martin 2' Finger Roll Layup,,,5,1628997,Caleb Martin,1610612748.0,Miami,Heat,MIA,0,0,,,,,,0,0,,,,,,1
0022300204,491,4,0,4,9:58 PM,11:27,Drummond REBOUND (Off:1 Def:6),,,,,4,203083,Andre Drummond,1610612741.0,Chicago,Bulls,CHI,0,0,,,,,,0,0,,,,,,1
0022300204,492,2,79,4,9:58 PM,11:16,MISS DeRozan 6' Pullup Jump Shot,,,,,4,201942,DeMar DeRozan,1610612741.0,Chicago,Bulls,CHI,0,0,,,,,,0,0,,,,,,1
0022300204,493,4,0,4,9:58 PM,11:14,Drummond REBOUND (Off:3 Def:6),,,,,4,203083,Andre Drummond,1610612741.0,Chicago,Bulls,CHI,0,0,,,,,,0,0,,,,,,1
0022300204,527,2,97,4,9:58 PM,11:14,MISS Drummond 1' Tip Layup Shot,,,,,4,203083,Andre Drummond,1610612741.0,Chicago,Bulls,CHI,0,0,,,,,,0,0,,,,,,1
0022300204,528,4,0,4,9:58 PM,11:14,Drummond REBOUND (Off:3 Def:6),,,,,4,203083,Andre Drummond,1610612741.0,Chicago,Bulls,CHI,0,0,,,,,,0,0,,,,,,1
0022300204,494,1,72,4,9:58 PM,11:12,Drummond Putback Layup (6 PTS),,,76 - 70,-6,4,203083,Andre Drummond,1610612741.0,Chicago,Bulls,CHI,0,0,,,,,,0,0,,,,,,1
0022300204,495,6,4,4,9:58 PM,10:54,,,Adebayo OFF.Foul (P1) (I.Hwang),,,5,1628389,Bam Adebayo,1610612748.0,Miami,Heat,MIA,4,1629632,Coby White,1610612741.0,Chicago,Bulls,CHI,1,0,,,,,,1
0022300204,497,5,37,4,9:58 PM,10:54,,,Adebayo Offensive Foul Turnover (P2.T11),,,5,1628389,Bam Adebayo,1610612748.0,Miami,Heat,MIA,0,0,,,,,,1,0,,,,,,1
0022300204,498,1,79,4,9:59 PM,10:41,DeRozan 18' Pullup Jump Shot (13 PTS),,,76 - 72,-4,4,201942,DeMar DeRozan,1610612741.0,Chicago,Bulls,CHI,0,0,,,,,,0,0,,,,,,1
0022300204,499,1,1,4,9:59 PM,10:19,,,Martin 25' 3PT Jump Shot (5 PTS) (D. Robinson 6 AST),79 - 72,-7,5,1628997,Caleb Martin,1610612748.0,Miami,Heat,MIA,5,1629130,Duncan Robinson,1610612748.0,Miami,Heat,MIA,0,0,,,,,,1
0022300204,501,2,79,4,10:00 PM,9:50,MISS White 18' Pullup Jump Shot,,,,,4,1629632,Coby White,1610612741.0,Chicago,Bulls,CHI,0,0,,,,,,0,0,,,,,,1
0022300204,502,4,0,4,10:00 PM,9:48,,,Jaquez Jr. REBOUND (Off:1 Def:1),,,5,1631170,Jaime Jaquez Jr.,1610612748.0,Miami,Heat,MIA,0,0,,,,,,0,0,,,,,,1
0022300204,503,6,26,4,10:00 PM,9:39,,,Adebayo Offensive Charge Foul (P2) (T.Maddox),,,5,1628389,Bam Adebayo,1610612748.0,Miami,Heat,MIA,4,1629632,Coby White,1610612741.0,Chicago,Bulls,CHI,1,0,,,,,,1
0022300204,505,5,37,4,10:00 PM,9:39,,,Adebayo Offensive Foul Turnover (P3.T12),,,5,1628389,Bam Adebayo,1610612748.0,Miami,Heat,MIA,0,0,,,,,,1,0,,,,,,1
0022300204,506,2,1,4,10:01 PM,9:23,MISS Carter 26' 3PT Jump Shot,,,,,4,1628975,Jevon Carter,1610612741.0,Chicago,Bulls,CHI,0,0,,,,,,0,0,,,,,,1
0022300204,507,4,0,4,10:01 PM,9:20,,,Adebayo REBOUND (Off:1 Def:8),,,5,1628389,Bam Adebayo,1610612748.0,Miami,Heat,MIA,0,0,,,,,,0,0,,,,,,1
0022300204,508,2,79,4,10:01 PM,9:08,,,MISS Martin 12' Pullup Jump Shot,,,5,1628997,Caleb Martin,1610612748.0,Miami,Heat,MIA,0,0,,,,,,0,0,,,,,,1
0022300204,509,4,0,4,10:01 PM,9:07,BULLS Rebound,,,,,2,1610612741,,,,,,0,0,,,,,,0,0,,,,,,0
0022300204,510,6,3,4,10:01 PM,9:07,,,Adebayo L.B.FOUL (P3.T1) (C.Blair),,,5,1628389,Bam Adebayo,1610612748.0,Miami,Heat,MIA,4,1629632,Coby White,1610612741.0,Chicago,Bulls,CHI,1,0,,,,,,1
0022300204,514,8,0,4,10:01 PM,9:07,SUB: Williams FOR Craig,,,,,4,1628470,Torrey Craig,1610612741.0,Chicago,Bulls,CHI,4,1630172,Patrick Williams,1610612741.0,Chicago,Bulls,CHI,0,0,,,,,,0
0022300204,512,5,2,4,10:01 PM,8:51,White Lost Ball Turnover (P2.T12),,Martin STEAL (1 STL),,,4,1629632,Coby White,1610612741.0,Chicago,Bulls,CHI,5,1628997,Caleb Martin,1610612748.0,Miami,Heat,MIA,0,0,,,,,,1
0022300204,517,1,1,4,10:02 PM,8:39,,,Richardson 26' 3PT Jump Shot (5 PTS) (D. Robinson 7 AST),82 - 72,-10,5,1626196,Josh Richardson,1610612748.0,Miami,Heat,MIA,5,1629130,Duncan Robinson,1610612748.0,Miami,Heat,MIA,0,0,,,,,,1
0022300204,519,1,1,4,10:02 PM,8:20,Carter 3PT Jump Shot (9 PTS) (DeRozan 4 AST),,,82 - 75,-7,4,1628975,Jevon Carter,1610612741.0,Chicago,Bulls,CHI,4,201942,DeMar DeRozan,1610612741.0,Chicago,Bulls,CHI,0,0,,,,,,1
0022300204,521,1,79,4,10:03 PM,8:04,,,D. Robinson 26' 3PT Pullup Jump Shot (14 PTS) (Adebayo 3 AST),85 - 75,-10,5,1629130,Duncan Robinson,1610612748.0,Miami,Heat,MIA,5,1628389,Bam Adebayo,1610612748.0,Miami,Heat,MIA,0,0,,,,,,1
0022300204,523,6,1,4,10:03 PM,7:45,,,Martin P.FOUL (P1.T2) (C.Blair),,,5,1628997,Caleb Martin,1610612748.0,Miami,Heat,MIA,4,1629632,Coby White,1610612741.0,Chicago,Bulls,CHI,1,0,,,,,,1
0022300204,525,8,0,4,10:03 PM,7:45,SUB: LaVine FOR DeRozan,,,,,4,201942,DeMar DeRozan,1610612741.0,Chicago,Bulls,CHI,4,203897,Zach LaVine,1610612741.0,Chicago,Bulls,CHI,0,0,,,,,,0
0022300204,529,1,1,4,10:04 PM,7:35,White 25' 3PT Jump Shot (11 PTS) (LaVine 5 AST),,,85 - 78,-7,4,1629632,Coby White,1610612741.0,Chicago,Bulls,CHI,4,203897,Zach LaVine,1610612741.0,Chicago,Bulls,CHI,0,0,,,,,,1
0022300204,531,1,79,4,10:04 PM,7:11,,,Richardson 15' Pullup Jump Shot (7 PTS),87 - 78,-9,5,1626196,Josh Richardson,1610612748.0,Miami,Heat,MIA,0,0,,,,,,0,0,,,,,,1
0022300204,532,9,1,4,10:04 PM,7:10,BULLS Timeout: Regular (Full 5 Short 0),,,,,2,1610612741,,,,,,0,0,,,,,,0,0,,,,,,0
0022300204,533,8,0,4,10:06 PM,7:10,SUB: Vucevic FOR Drummond,,,,,4,203083,Andre Drummond,1610612741.0,Chicago,Bulls,CHI,4,202696,Nikola Vučević,1610612741.0,Chicago,Bulls,CHI,0,0,,,,,,0
0022300204,535,2,1,4,10:07 PM,6:46,MISS Carter 30' 3PT Jump Shot,,,,,4,1628975,Jevon Carter,1610612741.0,Chicago,Bulls,CHI,0,0,,,,,,0,0,,,,,,1
0022300204,536,4,0,4,10:07 PM,6:42,Williams REBOUND (Off:3 Def:1),,,,,4,1630172,Patrick Williams,1610612741.0,Chicago,Bulls,CHI,0,0,,,,,,0,0,,,,,,1
0022300204,537,1,80,4,10:08 PM,6:39,White 26' 3PT Step Back Jump Shot (14 PTS) (Williams 1 AST),,,87 - 81,-6,4,1629632,Coby White,1610612741.0,Chicago,Bulls,CHI,4,1630172,Patrick Williams,1610612741.0,Chicago,Bulls,CHI,0,0,,,,,,1
0022300204,539,2,1,4,10:08 PM,6:13,Williams BLOCK (1 BLK),,MISS Martin 25' 3PT Jump Shot,,,5,1628997,Caleb Martin,1610612748.0,Miami,Heat,MIA,0,0,,,,,,4,1630172,Patrick Williams,1610612741.0,Chicago,Bulls,CHI,1
0022300204,541,4,0,4,10:08 PM,6:09,LaVine REBOUND (Off:0 Def:7),,,,,4,203897,Zach LaVine,1610612741.0,Chicago,Bulls,CHI,0,0,,,,,,0,0,,,,,,1
0022300204,542,2,2,4,10:08 PM,6:06,MISS Vucevic 27' 3PT Running Jump Shot,,,,,4,202696,Nikola Vučević,1610612741.0,Chicago,Bulls,CHI,0,0,,,,,,0,0,,,,,,1
0022300204,543,4,0,4,10:08 PM,6:01,,,Jaquez Jr. REBOUND (Off:1 Def:2),,,5,1631170,Jaime Jaquez Jr.,1610612748.0,Miami,Heat,MIA,0,0,,,,,,0,0,,,,,,1
0022300204,544,5,1,4,10:08 PM,5:58,LaVine STEAL (3 STL),,Jaquez Jr. Bad Pass Turnover (P3.T13),,,5,1631170,Jaime Jaquez Jr.,1610612748.0,Miami,Heat,MIA,4,203897,Zach LaVine,1610612741.0,Chicago,Bulls,CHI,0,0,,,,,,1
0022300204,546,1,103,4,10:08 PM,5:54,LaVine 27' 3PT Running Pull-Up Jump Shot (10 PTS) (White 2 AST),,,87 - 84,-3,4,203897,Zach LaVine,1610612741.0,Chicago,Bulls,CHI,4,1629632,Coby White,1610612741.0,Chicago,Bulls,CHI,0,0,,,,,,1
0022300204,548,9,1,4,10:08 PM,5:54,,,Heat Timeout: Regular (Reg.4 Short 0),,,3,1610612748,,,,,,0,0,,,,,,0,0,,,,,,0
0022300204,549,8,0,4,10:10 PM,5:54,,,SUB: Lowry FOR Richardson,,,5,1626196,Josh Richardson,1610612748.0,Miami,Heat,MIA,5,200768,Kyle Lowry,1610612748.0,Miami,Heat,MIA,0,0,,,,,,0
0022300204,550,8,0,4,10:10 PM,5:54,,,SUB: Butler FOR Martin,,,5,1628997,Caleb Martin,1610612748.0,Miami,Heat,MIA,5,202710,Jimmy Butler III,1610612748.0,Miami,Heat,MIA,0,0,,,,,,0
0022300204,553,6,4,4,10:12 PM,5:43,,,Lowry OFF.Foul (P2) (T.Maddox),,,5,200768,Kyle Lowry,1610612748.0,Miami,Heat,MIA,4,1629632,Coby White,1610612741.0,Chicago,Bulls,CHI,1,0,,,,,,1
0022300204,555,5,37,4,10:12 PM,5:43,,,Lowry Offensive Foul Turnover (P1.T14),,,5,200768,Kyle Lowry,1610612748.0,Miami,Heat,MIA,0,0,,,,,,1,0,,,,,,1
0022300204,556,8,0,4,10:12 PM,5:43,SUB: Caruso FOR Carter,,,,,4,1628975,Jevon Carter,1610612741.0,Chicago,Bulls,CHI,4,1627936,Alex Caruso,1610612741.0,Chicago,Bulls,CHI,0,0,,,,,,0
0022300204,557,8,0,4,10:12 PM,5:43,SUB: DeRozan FOR Williams,,,,,4,1630172,Patrick Williams,1610612741.0,Chicago,Bulls,CHI,4,201942,DeMar DeRozan,1610612741.0,Chicago,Bulls,CHI,0,0,,,,,,0
0022300204,560,2,1,4,10:12 PM,5:32,MISS Vucevic 3PT Jump Shot,,,,,4,202696,Nikola Vučević,1610612741.0,Chicago,Bulls,CHI,0,0,,,,,,0,0,,,,,,1
0022300204,561,4,0,4,10:12 PM,5:29,,,D. Robinson REBOUND (Off:0 Def:3),,,5,1629130,Duncan Robinson,1610612748.0,Miami,Heat,MIA,0,0,,,,,,0,0,,,,,,1
0022300204,562,1,1,4,10:12 PM,5:14,,,D. Robinson 27' 3PT Jump Shot (17 PTS) (Adebayo 4 AST),90 - 84,-6,5,1629130,Duncan Robinson,1610612748.0,Miami,Heat,MIA,5,1628389,Bam Adebayo,1610612748.0,Miami,Heat,MIA,0,0,,,,,,1
0022300204,564,2,79,4,10:13 PM,4:48,MISS DeRozan 19' Pullup Jump Shot,,,,,4,201942,DeMar DeRozan,1610612741.0,Chicago,Bulls,CHI,0,0,,,,,,0,0,,,,,,1
0022300204,565,4,0,4,10:13 PM,4:46,,,Adebayo REBOUND (Off:1 Def:9),,,5,1628389,Bam Adebayo,1610612748.0,Miami,Heat,MIA,0,0,,,,,,0,0,,,,,,1
0022300204,566,2,1,4,10:13 PM,4:42,,,MISS Adebayo 17' Jump Shot,,,5,1628389,Bam Adebayo,1610612748.0,Miami,Heat,MIA,0,0,,,,,,0,0,,,,,,1
0022300204,567,4,0,4,10:13 PM,4:37,White REBOUND (Off:0 Def:3),,,,,4,1629632,Coby White,1610612741.0,Chicago,Bulls,CHI,0,0,,,,,,0,0,,,,,,1
0022300204,568,1,2,4,10:13 PM,4:32,LaVine 27' 3PT Running Jump Shot (13 PTS) (White 3 AST),,,90 - 87,-3,4,203897,Zach LaVine,1610612741.0,Chicago,Bulls,CHI,4,1629632,Coby White,1610612741.0,Chicago,Bulls,CHI,0,0,,,,,,1
0022300204,570,2,86,4,10:13 PM,4:07,,,MISS Butler 20' Turnaround Fadeaway Shot,,,5,202710,Jimmy Butler III,1610612748.0,Miami,Heat,MIA,0,0,,,,,,0,0,,,,,,1
0022300204,571,4,0,4,10:13 PM,4:05,Vucevic REBOUND (Off:1 Def:5),,,,,4,202696,Nikola Vučević,1610612741.0,Chicago,Bulls,CHI,0,0,,,,,,0,0,,,,,,1
0022300204,572,5,2,4,10:14 PM,3:48,White Lost Ball Turnover (P3.T13),,Lowry STEAL (3 STL),,,4,1629632,Coby White,1610612741.0,Chicago,Bulls,CHI,5,200768,Kyle Lowry,1610612748.0,Miami,Heat,MIA,0,0,,,,,,1
0022300204,574,2,41,4,10:14 PM,3:45,LaVine BLOCK (1 BLK),,MISS Lowry 2' Running Layup,,,5,200768,Kyle Lowry,1610612748.0,Miami,Heat,MIA,0,0,,,,,,4,203897,Zach LaVine,1610612741.0,Chicago,Bulls,CHI,1
0022300204,576,4,0,4,10:14 PM,3:45,,,Heat Rebound,,,3,1610612748,,,,,,0,0,,,,,,0,0,,,,,,1
0022300204,578,5,2,4,10:14 PM,3:37,Caruso STEAL (1 STL),,D. Robinson Lost Ball Turnover (P1.T15),,,5,1629130,Duncan Robinson,1610612748.0,Miami,Heat,MIA,4,1627936,Alex Caruso,1610612741.0,Chicago,Bulls,CHI,0,0,,,,,,1
0022300204,580,10,0,4,10:15 PM,3:33,Jump Ball White vs. D. Robinson: Tip to Caruso,,,,,4,1629632,Coby White,1610612741.0,Chicago,Bulls,CHI,5,1629130,Duncan Robinson,1610612748.0,Miami,Heat,MIA,4,1627936,Alex Caruso,1610612741.0,Chicago,Bulls,CHI,0
0022300204,583,1,75,4,10:15 PM,3:26,DeRozan Driving Finger Roll Layup (15 PTS),,,90 - 89,-1,4,201942,DeMar DeRozan,1610612741.0,Chicago,Bulls,CHI,0,0,,,,,,0,0,,,,,,1
0022300204,584,9,1,4,10:15 PM,3:26,,,Heat Timeout: Regular (Reg.5 Short 0),,,3,1610612748,,,,,,0,0,,,,,,0,0,,,,,,0
0022300204,585,8,0,4,10:15 PM,3:26,,,SUB: Richardson FOR Jaquez Jr.,,,5,1631170,Jaime Jaquez Jr.,1610612748.0,Miami,Heat,MIA,5,1626196,Josh Richardson,1610612748.0,Miami,Heat,MIA,0,0,,,,,,0
0022300204,587,2,1,4,10:17 PM,3:04,,,MISS Lowry 26' 3PT Jump Shot,,,5,200768,Kyle Lowry,1610612748.0,Miami,Heat,MIA,0,0,,,,,,0,0,,,,,,1
0022300204,588,4,0,4,10:17 PM,3:00,Vucevic REBOUND (Off:1 Def:6),,,,,4,202696,Nikola Vučević,1610612741.0,Chicago,Bulls,CHI,0,0,,,,,,0,0,,,,,,1
0022300204,589,2,1,4,10:17 PM,2:48,MISS White 26' 3PT Jump Shot,,,,,4,1629632,Coby White,1610612741.0,Chicago,Bulls,CHI,0,0,,,,,,0,0,,,,,,1
0022300204,590,4,0,4,10:17 PM,2:46,,,Lowry REBOUND (Off:0 Def:3),,,5,200768,Kyle Lowry,1610612748.0,Miami,Heat,MIA,0,0,,,,,,0,0,,,,,,1
0022300204,591,6,2,4,10:18 PM,2:38,LaVine S.FOUL (P2.T2) (T.Maddox),,,,,4,203897,Zach LaVine,1610612741.0,Chicago,Bulls,CHI,5,202710,Jimmy Butler III,1610612748.0,Miami,Heat,MIA,1,0,,,,,,1
0022300204,593,3,11,4,10:18 PM,2:38,,,Butler Free Throw 1 of 2 (19 PTS),91 - 89,-2,5,202710,Jimmy Butler III,1610612748.0,Miami,Heat,MIA,0,0,,,,,,0,0,,,,,,1
0022300204,594,3,12,4,10:19 PM,2:38,,,Butler Free Throw 2 of 2 (20 PTS),92 - 89,-3,5,202710,Jimmy Butler III,1610612748.0,Miami,Heat,MIA,0,0,,,,,,0,0,,,,,,1
0022300204,595,1,108,4,10:19 PM,2:18,Vucevic Cutting Dunk Shot (15 PTS) (White 4 AST),,,92 - 91,-1,4,202696,Nikola Vučević,1610612741.0,Chicago,Bulls,CHI,4,1629632,Coby White,1610612741.0,Chicago,Bulls,CHI,0,0,,,,,,1
0022300204,597,1,79,4,10:19 PM,1:54,,,Butler 19' Pullup Jump Shot (22 PTS) (Adebayo 5 AST),94 - 91,-3,5,202710,Jimmy Butler III,1610612748.0,Miami,Heat,MIA,5,1628389,Bam Adebayo,1610612748.0,Miami,Heat,MIA,0,0,,,,,,1
0022300204,598,1,1,4,10:20 PM,1:39,DeRozan 3PT Jump Shot (18 PTS) (White 5 AST),,,94 - 94,TIE,4,201942,DeMar DeRozan,1610612741.0,Chicago,Bulls,CHI,4,1629632,Coby White,1610612741.0,Chicago,Bulls,CHI,0,0,,,,,,1
0022300204,600,18,0,4,10:20 PM,1:39,,Instant Replay4th Period (10:20 PM EST),,94 - 94,TIE,0,598,,,,,,0,0,,,,,,1,0,,,,,,0
0022300204,601,6,1,4,10:20 PM,1:27,White P.FOUL (P5.T3) (T.Maddox),,,,,4,1629632,Coby White,1610612741.0,Chicago,Bulls,CHI,5,202710,Jimmy Butler III,1610612748.0,Miami,Heat,MIA,1,0,,,,,,1
0022300204,603,2,79,4,10:21 PM,1:13,,,MISS Butler 14' Pullup Jump Shot,,,5,202710,Jimmy Butler III,1610612748.0,Miami,Heat,MIA,0,0,,,,,,0,0,,,,,,1
0022300204,604,4,0,4,10:21 PM,1:11,LaVine REBOUND (Off:0 Def:8),,,,,4,203897,Zach LaVine,1610612741.0,Chicago,Bulls,CHI,0,0,,,,,,0,0,,,,,,1
0022300204,605,6,1,4,10:21 PM,0:57,,,D. Robinson P.FOUL (P2.T3) (I.Hwang),,,5,1629130,Duncan Robinson,1610612748.0,Miami,Heat,MIA,4,1627936,Alex Caruso,1610612741.0,Chicago,Bulls,CHI,1,0,,,,,,1
0022300204,607,8,0,4,10:22 PM,0:57,,,SUB: Jaquez Jr. FOR D. Robinson,,,5,1629130,Duncan Robinson,1610612748.0,Miami,Heat,MIA,5,1631170,Jaime Jaquez Jr.,1610612748.0,Miami,Heat,MIA,0,0,,,,,,0
0022300204,609,1,1,4,10:22 PM,0:51,Caruso 25' 3PT Jump Shot (11 PTS) (LaVine 6 AST),,,94 - 97,3,4,1627936,Alex Caruso,1610612741.0,Chicago,Bulls,CHI,4,203897,Zach LaVine,1610612741.0,Chicago,Bulls,CHI,0,0,,,,,,1
0022300204,611,9,1,4,10:22 PM,0:51,,,Heat Timeout: Regular (Reg.6 Short 0),,,3,1610612748,,,,,,0,0,,,,,,0,0,,,,,,0
0022300204,613,8,0,4,10:23 PM,0:51,,,SUB: D. Robinson FOR Richardson,,,5,1626196,Josh Richardson,1610612748.0,Miami,Heat,MIA,5,1629130,Duncan Robinson,1610612748.0,Miami,Heat,MIA,0,0,,,,,,0
0022300204,615,1,80,4,10:24 PM,0:42,,,Butler 3PT Step Back Jump Shot (25 PTS),97 - 97,TIE,5,202710,Jimmy Butler III,1610612748.0,Miami,Heat,MIA,0,0,,,,,,0,0,,,,,,1
0022300204,616,1,86,4,10:24 PM,0:21,DeRozan 18' Turnaround Fadeaway (20 PTS),,,97 - 99,2,4,201942,DeMar DeRozan,1610612741.0,Chicago,Bulls,CHI,0,0,,,,,,0,0,,,,,,1
0022300204,617,2,1,4,10:24 PM,0:12,,,MISS Butler 26' 3PT Jump Shot,,,5,202710,Jimmy Butler III,1610612748.0,Miami,Heat,MIA,0,0,,,,,,0,0,,,,,,1
0022300204,618,4,0,4,10:24 PM,0:10,DeRozan REBOUND (Off:1 Def:2),,,,,4,201942,DeMar DeRozan,1610612741.0,Chicago,Bulls,CHI,0,0,,,,,,0,0,,,,,,1
0022300204,619,6,28,4,10:25 PM,0:10,,,Butler Personal Take Foul (P2.PN) (T.Maddox),,,5,202710,Jimmy Butler III,1610612748.0,Miami,Heat,MIA,4,201942,DeMar DeRozan,1610612741.0,Chicago,Bulls,CHI,1,0,,,,,,1
0022300204,621,3,11,4,10:25 PM,0:10,MISS DeRozan Free Throw 1 of 2,,,,,4,201942,DeMar DeRozan,1610612741.0,Chicago,Bulls,CHI,0,0,,,,,,0,0,,,,,,1
0022300204,622,4,1,4,10:25 PM,0:10,BULLS Rebound,,,,,2,1610612741,,,,,,0,0,,,,,,0,0,,,,,,0
0022300204,623,3,12,4,10:25 PM,0:10,DeRozan Free Throw 2 of 2 (21 PTS),,,97 - 100,3,4,201942,DeMar DeRozan,1610612741.0,Chicago,Bulls,CHI,0,0,,,,,,0,0,,,,,,1
0022300204,624,9,1,4,10:26 PM,0:10,,,Heat Timeout: Regular (Reg.7 Short 0),,,3,1610612748,,,,,,0,0,,,,,,0,0,,,,,,0
0022300204,625,8,0,4,10:27 PM,0:10,SUB: Craig FOR White,,,,,4,1629632,Coby White,1610612741.0,Chicago,Bulls,CHI,4,1628470,Torrey Craig,1610612741.0,Chicago,Bulls,CHI,0,0,,,,,,0
0022300204,627,2,1,4,10:27 PM,0:06,,,MISS Butler 3PT Jump Shot,,,5,202710,Jimmy Butler III,1610612748.0,Miami,Heat,MIA,0,0,,,,,,0,0,,,,,,1
0022300204,628,4,0,4,10:27 PM,0:05,DeRozan REBOUND (Off:1 Def:3),,,,,4,201942,DeMar DeRozan,1610612741.0,Chicago,Bulls,CHI,0,0,,,,,,0,0,,,,,,1
0022300204,629,6,1,4,10:27 PM,0:05,,,Lowry P.FOUL (P3.PN) (I.Hwang),,,5,200768,Kyle Lowry,1610612748.0,Miami,Heat,MIA,4,201942,DeMar DeRozan,1610612741.0,Chicago,Bulls,CHI,1,0,,,,,,1
0022300204,631,3,11,4,10:28 PM,0:05,DeRozan Free Throw 1 of 2 (22 PTS),,,97 - 101,4,4,201942,DeMar DeRozan,1610612741.0,Chicago,Bulls,CHI,0,0,,,,,,0,0,,,,,,1
0022300204,632,3,12,4,10:28 PM,0:05,DeRozan Free Throw 2 of 2 (23 PTS),,,97 - 102,5,4,201942,DeMar DeRozan,1610612741.0,Chicago,Bulls,CHI,0,0,,,,,,0,0,,,,,,1
0022300204,633,2,79,4,10:28 PM,0:01,,,MISS Lowry 27' 3PT Pullup Jump Shot,,,5,200768,Kyle Lowry,1610612748.0,Miami,Heat,MIA,0,0,,,,,,0,0,,,,,,1
0022300204,634,4,0,4,10:28 PM,0:01,Vucevic REBOUND (Off:1 Def:7),,,,,4,202696,Nikola Vučević,1610612741.0,Chicago,Bulls,CHI,0,0,,,,,,0,0,,,,,,1
0022300204,635,13,0,4,10:28 PM,0:00,,End of 4th Period (10:28 PM EST),,97 - 102,5,0,0,,,,,,0,0,,,,,,0,0,,,,,,1
